S0,m,r,T,corp,alpha,beta,omega,gamma,lambda,sigma,V
192.05623392,0.76822493568,0.0032835943956043955,187,1,0.0,0.0,0.0,0.0,0.0,0.228799,0.39999998999999997
192.05623392,0.8535832618666667,0.0032835943956043955,187,1,0.0,0.0,0.0,0.0,0.0,0.243892,1.1749999999999998
190.14263014000002,0.9507131507000001,0.0032392715384615385,186,1,0.0,0.0,0.0,0.0,0.0,0.255705,2.3999999499999998
190.14263014000002,0.9507131507000001,0.0032392715384615385,186,-1,0.0,0.0,0.0,0.0,0.0,0.27040401,1.05
190.14263014000002,0.9507131507000001,0.0033166949450549456,185,1,0.0,0.0,0.0,0.0,0.0,0.253252,2.3999999499999998
190.14263014000002,0.7605705205600001,0.0033166949450549456,185,1,0.0,0.0,0.0,0.0,0.0,0.22446699,0.32499999999999996
190.14263014000002,0.8450783561777779,0.0033166949450549456,185,1,0.0,0.0,0.0,0.0,0.0,0.242889,1.05
190.14263014000002,0.9507131507000001,0.0033166949450549456,185,-1,0.0,0.0,0.0,0.0,0.0,0.264456,0.999999995
190.14263014000002,0.8450783561777779,0.0033166949450549456,185,-1,0.0,0.0,0.0,0.0,0.0,0.241063,2.20000005
191.27339601,0.8501039822666666,0.0026662894285714284,93,1,0.0,0.0,0.0,0.0,0.0,0.23215,0.69999999
191.27339601,0.95636698005,0.0031930445054945055,184,1,0.0,0.0,0.0,0.0,0.0,0.25575101,2.5
191.27339601,0.7650935840399999,0.0031930445054945055,184,1,0.0,0.0,0.0,0.0,0.0,0.21932501,0.32499999999999996
191.27339601,0.8501039822666666,0.0031930445054945055,184,1,0.0,0.0,0.0,0.0,0.0,0.242332,1.1
191.27339601,1.0929908343428572,0.0031930445054945055,184,-1,0.0,0.0,0.0,0.0,0.0,0.29760501,0.375
191.27339601,0.8501039822666666,0.0031930445054945055,184,-1,0.0,0.0,0.0,0.0,0.0,0.245593,2.1499999499999998
190.22961213000002,0.7609184485200001,0.002651853142857143,92,1,0.0,0.0,0.0,0.0,0.0,0.226631,0.125000005
190.22961213000002,0.9511480606500001,0.002651853142857143,92,-1,0.0,0.0,0.0,0.0,0.0,0.26915899,0.525000005
191.53434198000002,0.8512637421333334,0.0023437435714285717,32,1,0.0,0.0,0.0,0.0,0.0,0.24015801,0.35000001000000003
191.53434198000002,0.9576717099000001,0.0031651611428571425,179,1,0.0,0.0,0.0,0.0,0.0,0.25002399,2.45000005
191.53434198000002,0.7661373679200001,0.0031651611428571425,179,1,0.0,0.0,0.0,0.0,0.0,0.21071599,0.275000005
191.53434198000002,0.8512637421333334,0.0031651611428571425,179,1,0.0,0.0,0.0,0.0,0.0,0.233907,1.025
191.53434198000002,0.9576717099000001,0.0023437435714285717,32,-1,0.0,0.0,0.0,0.0,0.0,0.30743101,0.17500000500000001
191.53434198000002,0.8512637421333334,0.0023437435714285717,32,-1,0.0,0.0,0.0,0.0,0.0,0.244656,1.05
191.53434198000002,1.2768956132000002,0.0031651611428571425,179,-1,0.0,0.0,0.0,0.0,0.0,0.35205999,0.15000000000000002
191.53434198000002,0.8512637421333334,0.0031651611428571425,179,-1,0.0,0.0,0.0,0.0,0.0,0.23329601,2.07500005
189.79470218000003,0.9489735109000002,0.0023350282142857144,31,1,0.0,0.0,0.0,0.0,0.0,0.263592,1.85
189.79470218000003,0.843532009688889,0.0023350282142857144,31,1,0.0,0.0,0.0,0.0,0.0,0.240243,0.275000005
189.79470218000003,0.9489735109000002,0.0031335191428571428,178,1,0.0,0.0,0.0,0.0,0.0,0.26893499,2.32500005
189.79470218000003,0.7591788087200001,0.0031335191428571428,178,1,0.0,0.0,0.0,0.0,0.0,0.215578,0.25000000499999997
189.79470218000003,0.843532009688889,0.0031335191428571428,178,1,0.0,0.0,0.0,0.0,0.0,0.241574,0.94999999
189.79470218000003,0.9489735109000002,0.0023350282142857144,31,-1,0.0,0.0,0.0,0.0,0.0,0.29390299,0.17500000500000001
189.79470218000003,0.843532009688889,0.0023350282142857144,31,-1,0.0,0.0,0.0,0.0,0.0,0.239981,1.15
189.79470218000003,0.843532009688889,0.0031335191428571428,178,-1,0.0,0.0,0.0,0.0,0.0,0.240996,2.17499995
190.40357611000002,0.8462381160444445,0.0023289942857142856,30,1,0.0,0.0,0.0,0.0,0.0,0.245965,0.29999999499999996
190.40357611000002,0.7616143044400001,0.0030781908571428573,177,1,0.0,0.0,0.0,0.0,0.0,0.21183001,0.25000000499999997
190.40357611000002,0.8462381160444445,0.0030781908571428573,177,1,0.0,0.0,0.0,0.0,0.0,0.239737,0.97499999
190.40357611000002,0.9520178805500001,0.0023289942857142856,30,-1,0.0,0.0,0.0,0.0,0.0,0.30628899,0.17500000500000001
190.40357611000002,0.8462381160444445,0.0023289942857142856,30,-1,0.0,0.0,0.0,0.0,0.0,0.24329799,1.1
190.40357611000002,0.9520178805500001,0.0030781908571428573,177,-1,0.0,0.0,0.0,0.0,0.0,0.25778201,0.900000005
190.40357611000002,0.8462381160444445,0.0030781908571428573,177,-1,0.0,0.0,0.0,0.0,0.0,0.23910899,2.1000000500000002
190.49055810000002,0.8466247026666668,0.0023286232142857143,29,1,0.0,0.0,0.0,0.0,0.0,0.249382,0.29999999499999996
190.49055810000002,0.9524527905000001,0.0023286232142857143,29,-1,0.0,0.0,0.0,0.0,0.0,0.29533899,0.15000000000000002
190.49055810000002,0.8466247026666668,0.0023286232142857143,29,-1,0.0,0.0,0.0,0.0,0.0,0.24942701,1.1
196.53859157,0.8735048514222222,0.0023469157142857145,32,1,0.0,0.0,0.0,0.0,0.0,0.205599,0.474999995
196.53859157,0.8735048514222222,0.0023469157142857145,32,-1,0.0,0.0,0.0,0.0,0.0,0.206513,0.625
199.96199714,0.8887199872888889,0.002342586857142857,31,1,0.0,0.0,0.0,0.0,0.0,0.21718501,0.724999995
200.75201381,0.8922311724888888,0.002336524,30,1,0.0,0.0,0.0,0.0,0.0,0.209114,0.75
200.75201381,0.8922311724888888,0.002336524,30,-1,0.0,0.0,0.0,0.0,0.0,0.198763,0.35000001000000003
200.04977677,0.8891101189777777,0.0023342174285714288,29,1,0.0,0.0,0.0,0.0,0.0,0.19203199,0.650000005
214.97231387,0.9554325060888889,0.002392358,32,1,0.0,0.0,0.0,0.0,0.0,0.257651,2.0249999499999998
214.97231387,0.85988925548,0.002392358,32,1,0.0,0.0,0.0,0.0,0.0,0.17838,0.25000000499999997
215.9378898,0.8637515592,0.00240692,31,1,0.0,0.0,0.0,0.0,0.0,0.166519,0.25000000499999997
215.9378898,0.8637515592,0.002428366470588235,30,1,0.0,0.0,0.0,0.0,0.0,0.167063,0.25000000499999997
215.85011017,0.86340044068,0.002476309411764706,29,1,0.0,0.0,0.0,0.0,0.0,0.173108,0.25000000499999997
215.85011017,0.9593338229777777,0.002476309411764706,29,-1,0.0,0.0,0.0,0.0,0.0,0.243643,0.10000000549999999
215.85011017,0.86340044068,0.002476309411764706,29,-1,0.0,0.0,0.0,0.0,0.0,0.17292,0.875
218.25500688000002,0.8730200275200001,0.003207657142857143,92,-1,0.0,0.0,0.0,0.0,0.0,0.200597,1.275
218.25500688000002,0.9700222528000001,0.003809890857142857,183,-1,0.0,0.0,0.0,0.0,0.0,0.228833,0.775000005
219.05155800000003,0.8762062320000001,0.003209609714285714,89,1,0.0,0.0,0.0,0.0,0.0,0.204116,0.82499999
219.05155800000003,1.0952577900000002,0.0037900202857142863,180,-1,0.0,0.0,0.0,0.0,0.0,0.268675,0.32500000500000004
220.55615456000004,0.8822246182400002,0.0038924868571428572,179,1,0.0,0.0,0.0,0.0,0.0,0.20960499,1.2999999999999998
219.31707504000002,0.8772683001600001,0.0026859660714285715,31,1,0.0,0.0,0.0,0.0,0.0,0.212898,0.5
219.31707504000002,0.8772683001600001,0.004030475142857143,178,1,0.0,0.0,0.0,0.0,0.0,0.220632,1.3250000000000002
219.31707504000002,1.0965853752,0.004030475142857143,178,-1,0.0,0.0,0.0,0.0,0.0,0.26740599,0.29999999499999996
198.96076864000003,0.8842700828444445,0.0035548931428571427,32,1,0.0,0.0,0.0,0.0,0.0,0.29428101,0.775000005
192.23433696,0.8543748309333333,0.0035865882857142855,29,1,0.0,0.0,0.0,0.0,0.0,0.32241201,0.42499999499999996
192.23433696,0.8543748309333333,0.0035865882857142855,29,-1,0.0,0.0,0.0,0.0,0.0,0.324568,1.35
204.44812080000003,0.8177924832000001,0.003599933333333333,32,1,0.0,0.0,0.0,0.0,0.0,0.25247401,0.10000000549999999
204.8906492,0.9106251075555556,0.0035602079999999996,31,1,0.0,0.0,0.0,0.0,0.0,0.22216199,0.92500001
204.80214352000002,0.9102317489777778,0.003514799375,29,1,0.0,0.0,0.0,0.0,0.0,0.223151,0.900000005
204.80214352000002,1.0240107176000002,0.003514799375,29,-1,0.0,0.0,0.0,0.0,0.0,0.315144,0.05
201.41493552,0.8951774912,0.004561983714285714,89,1,0.0,0.0,0.0,0.0,0.0,0.252413,1.1
201.41493552,0.80565974208,0.004561983714285714,89,1,0.0,0.0,0.0,0.0,0.0,0.232117,0.25000000499999997
201.41493552,1.0070746776,0.005088706785714285,187,1,0.0,0.0,0.0,0.0,0.0,0.28599501,3.1999999499999996
201.41493552,0.8951774912,0.005088706785714285,187,1,0.0,0.0,0.0,0.0,0.0,0.263895,1.625
201.41493552,0.80565974208,0.005088706785714285,187,1,0.0,0.0,0.0,0.0,0.0,0.244864,0.650000005
201.41493552,0.7324179473454545,0.005088706785714285,187,1,0.0,0.0,0.0,0.0,0.0,0.230836,0.20000000499999998
203.64692727,0.9050974545333333,0.0034377507142857146,32,1,0.0,0.0,0.0,0.0,0.0,0.25415999,0.849999995
203.64692727,0.7405342809818182,0.004836260357142857,186,1,0.0,0.0,0.0,0.0,0.0,0.222067,0.20000000499999998
203.64692727,1.0182346363499999,0.004836260357142857,186,-1,0.0,0.0,0.0,0.0,0.0,0.288221,0.775000005
203.64692727,0.9050974545333333,0.004836260357142857,186,-1,0.0,0.0,0.0,0.0,0.0,0.25963801,1.675
203.64692727,0.81458770908,0.004836260357142857,186,-1,0.0,0.0,0.0,0.0,0.0,0.22402801,3.1
200.16502014000002,0.80066008056,0.0034102860714285716,31,1,0.0,0.0,0.0,0.0,0.0,0.248373,0.05
200.16502014000002,1.0008251007000002,0.0034102860714285716,31,-1,0.0,0.0,0.0,0.0,0.0,0.31593901,0.10000000549999999
200.16502014000002,0.80066008056,0.004785123928571429,185,1,0.0,0.0,0.0,0.0,0.0,0.244808,0.599999995
200.16502014000002,0.80066008056,0.004785123928571429,185,-1,0.0,0.0,0.0,0.0,0.0,0.205832,3.3000000500000004
206.14675803,0.9162078134666667,0.0033827467857142856,30,1,0.0,0.0,0.0,0.0,0.0,0.25302699,0.999999995
206.14675803,0.82458703212,0.004603230892857143,184,1,0.0,0.0,0.0,0.0,0.0,0.235338,0.75
207.30739374,0.82922957496,0.003369561071428571,29,1,0.0,0.0,0.0,0.0,0.0,0.230121,0.10000000549999999
207.30739374,0.7538450681454546,0.004763766071428571,183,1,0.0,0.0,0.0,0.0,0.0,0.222609,0.25000000499999997
210.34290252,0.9348573445333334,0.004768060714285715,180,1,0.0,0.0,0.0,0.0,0.0,0.25195801,2.1
210.34290252,0.9348573445333334,0.004768060714285715,180,-1,0.0,0.0,0.0,0.0,0.0,0.247603,1.25
210.07506351000004,0.8403002540400002,0.004664974464285715,179,-1,0.0,0.0,0.0,0.0,0.0,0.21867999,2.5500000500000004
207.66451242000002,0.8306580496800001,0.0043834766071428576,178,-1,0.0,0.0,0.0,0.0,0.0,0.2175,2.7250000500000002
207.21811407,0.863408808625,0.0027135628571428572,30,-1,0.0,0.0,0.0,0.0,0.0,0.223313,1.075
214.62832668000001,0.8942846945,0.0026198333333333334,32,-1,0.0,0.0,0.0,0.0,0.0,0.208563,0.67500001
216.68175909,0.9630300404000001,0.002606719375,29,1,0.0,0.0,0.0,0.0,0.0,0.265286,1.875
216.68175909,0.9630300404000001,0.002606719375,29,-1,0.0,0.0,0.0,0.0,0.0,0.218564,0.10000000549999999
215.71388985,1.0272089992857143,0.0032955575824175827,186,-1,0.0,0.0,0.0,0.0,0.0,0.28285599,0.80000001
215.44368456,0.897682019,0.003484774571428571,183,1,0.0,0.0,0.0,0.0,0.0,0.246591,1.525
215.44368456,0.897682019,0.003484774571428571,183,-1,0.0,0.0,0.0,0.0,0.0,0.24419899,1.875
219.31662705000002,0.8772665082000001,0.0036650762857142853,180,1,0.0,0.0,0.0,0.0,0.0,0.235424,1.2
219.31662705000002,1.1542980371052634,0.0036650762857142853,180,-1,0.0,0.0,0.0,0.0,0.0,0.31126699,0.35000001000000003
219.31662705000002,0.7562642312068967,0.0036650762857142853,180,-1,0.0,0.0,0.0,0.0,0.0,0.207647,5.25
219.67690077,0.8787076030800001,0.0026280125000000005,32,1,0.0,0.0,0.0,0.0,0.0,0.216033,0.35000001000000003
219.67690077,0.915320419875,0.0026280125000000005,32,-1,0.0,0.0,0.0,0.0,0.0,0.227394,0.5
223.00943268,0.89203773072,0.002622012142857143,31,1,0.0,0.0,0.0,0.0,0.0,0.209163,0.45000000500000004
223.00943268,0.8577285872307693,0.002622012142857143,31,1,0.0,0.0,0.0,0.0,0.0,0.202365,0.15000000000000002
223.00943268,0.9292059695,0.003533007142857143,178,1,0.0,0.0,0.0,0.0,0.0,0.244047,1.925
223.00943268,0.7964622595714286,0.003533007142857143,178,1,0.0,0.0,0.0,0.0,0.0,0.216038,0.39999998999999997
223.00943268,0.9292059695,0.003533007142857143,178,-1,0.0,0.0,0.0,0.0,0.0,0.25039399,1.525
226.52210144999998,0.8712388517307692,0.0026158917857142857,30,1,0.0,0.0,0.0,0.0,0.0,0.19775,0.25000000499999997
226.52210144999998,0.9060884057999999,0.0026158917857142857,30,-1,0.0,0.0,0.0,0.0,0.0,0.21703599,0.55000001
226.52210144999998,0.8237167325454545,0.0031224050000000004,93,1,0.0,0.0,0.0,0.0,0.0,0.20179,0.25000000499999997
226.52210144999998,0.9438420893749999,0.0034728542857142856,177,1,0.0,0.0,0.0,0.0,0.0,0.249549,2.1499999499999998
226.52210144999998,0.838970746111111,0.0034728542857142856,177,1,0.0,0.0,0.0,0.0,0.0,0.221968,0.724999995
226.88237517000002,0.8726245198846154,0.0026138675,29,1,0.0,0.0,0.0,0.0,0.0,0.19575,0.25000000499999997
226.88237517000002,0.90752950068,0.0026138675,29,-1,0.0,0.0,0.0,0.0,0.0,0.209943,0.5
226.88237517000002,0.9453432298750001,0.003106717142857143,92,1,0.0,0.0,0.0,0.0,0.0,0.22624899,1.775
226.88237517000002,0.90752950068,0.003106717142857143,92,1,0.0,0.0,0.0,0.0,0.0,0.216685,1.15
227.06251203,0.90825004812,0.0025935202857142858,29,1,0.0,0.0,0.0,0.0,0.0,0.19871899,0.67500001
244.35565058999998,0.9774226023599999,0.002677302142857143,32,1,0.0,0.0,0.0,0.0,0.0,0.26442,2.2250000500000002
245.97688233,0.8944613902909091,0.002671651785714286,31,-1,0.0,0.0,0.0,0.0,0.0,0.116488,0.599999995
247.59811406999998,0.917030052111111,0.0037037311224489794,185,1,0.0,0.0,0.0,0.0,0.0,0.205522,1.6
246.7874982,0.9140277711111111,0.0031437674285714288,93,1,0.0,0.0,0.0,0.0,0.0,0.193901,1.125
246.7874982,0.8813839221428571,0.0036118998979591836,184,1,0.0,0.0,0.0,0.0,0.0,0.201462,1.1
246.7874982,0.9140277711111111,0.0036118998979591836,184,-1,0.0,0.0,0.0,0.0,0.0,0.2088,1.725
249.57961953,0.9243689612222222,0.0031617931428571428,92,-1,0.0,0.0,0.0,0.0,0.0,0.190437,0.97499999
250.57037226,0.8948941866428571,0.0036292797142857144,179,-1,0.0,0.0,0.0,0.0,0.0,0.198318,1.9749999999999999
246.06695076,0.8788105384285714,0.0026615510714285712,31,1,0.0,0.0,0.0,0.0,0.0,0.188133,0.29999999499999996
246.06695076,0.946411349076923,0.0026615510714285712,31,-1,0.0,0.0,0.0,0.0,0.0,0.237065,0.274999995
246.06695076,0.9113590768888888,0.0026615510714285712,31,-1,0.0,0.0,0.0,0.0,0.0,0.217887,0.57499999
246.06695076,0.8788105384285714,0.0026615510714285712,31,-1,0.0,0.0,0.0,0.0,0.0,0.21054,1.125
246.06695076,0.9842678030399999,0.003620953714285714,178,1,0.0,0.0,0.0,0.0,0.0,0.23575599,2.95
246.06695076,0.9842678030399999,0.004524794945054944,367,1,0.0,0.0,0.0,0.0,0.0,0.22500999,3.4
246.06695076,0.9842678030399999,0.004524794945054944,367,-1,0.0,0.0,0.0,0.0,0.0,0.232844,1.675
246.06695076,0.9113590768888888,0.0026605710714285714,30,-1,0.0,0.0,0.0,0.0,0.0,0.20961,0.599999995
246.06695076,0.946411349076923,0.003676520857142857,177,1,0.0,0.0,0.0,0.0,0.0,0.219817,2.07500005
246.06695076,0.8947889118545455,0.004762896153846154,366,1,0.0,0.0,0.0,0.0,0.0,0.22077,1.97499995
274.32917859,0.9459626847931035,0.0027153705714285715,32,1,0.0,0.0,0.0,0.0,0.0,0.240449,1.6
274.32917859,0.9144305953,0.0027153705714285715,32,1,0.0,0.0,0.0,0.0,0.0,0.189744,0.80000001
274.32917859,0.8849328341612904,0.0027153705714285715,32,1,0.0,0.0,0.0,0.0,0.0,0.18329,0.35000001000000003
274.32917859,0.9459626847931035,0.0027153705714285715,32,-1,0.0,0.0,0.0,0.0,0.0,0.200662,0.25
274.32917859,0.9144305953,0.0027153705714285715,32,-1,0.0,0.0,0.0,0.0,0.0,0.186019,0.55000001
274.69216791,0.9472143721034484,0.002698595714285714,31,1,0.0,0.0,0.0,0.0,0.0,0.167391,1.425
274.69216791,0.9156405597,0.002698595714285714,31,1,0.0,0.0,0.0,0.0,0.0,0.179214,0.775000005
274.69216791,0.886103767451613,0.002698595714285714,31,1,0.0,0.0,0.0,0.0,0.0,0.189954,0.375
274.69216791,0.85841302471875,0.002698595714285714,31,1,0.0,0.0,0.0,0.0,0.0,0.168961,0.10000000549999999
279.04803975,0.9622346198275862,0.002691848,30,1,0.0,0.0,0.0,0.0,0.0,0.220495,1.9
279.04803975,0.9301601325,0.002691848,30,1,0.0,0.0,0.0,0.0,0.0,0.198301,1.1
279.04803975,0.9001549669354838,0.002691848,30,1,0.0,0.0,0.0,0.0,0.0,0.180397,0.5
279.04803975,0.87202512421875,0.002691848,30,1,0.0,0.0,0.0,0.0,0.0,0.182354,0.20000000499999998
279.32028174000004,0.963173385310345,0.002683014571428571,29,1,0.0,0.0,0.0,0.0,0.0,0.20452601,1.875
279.32028174000004,0.901033166903226,0.002683014571428571,29,1,0.0,0.0,0.0,0.0,0.0,0.18176,0.5
271.51601136,0.9697000405714286,0.0025798699999999997,32,1,0.0,0.0,0.0,0.0,0.0,0.263365,2.1000000500000002
271.51601136,0.936262108137931,0.0025798699999999997,32,1,0.0,0.0,0.0,0.0,0.0,0.24466901,1.325
271.51601136,0.9050533712,0.0025798699999999997,32,1,0.0,0.0,0.0,0.0,0.0,0.251715,0.799999985
271.51601136,0.9050533712,0.0025798699999999997,32,-1,0.0,0.0,0.0,0.0,0.0,0.239577,0.94999999
264.89145627,0.8544885686129032,0.0025697,31,1,0.0,0.0,0.0,0.0,0.0,0.27317399,0.27500001
264.89145627,0.9810794676666666,0.0025697,31,-1,0.0,0.0,0.0,0.0,0.0,0.28354499,0.25000000499999997
264.70996161,0.9127929710689655,0.0025651564705882353,30,1,0.0,0.0,0.0,0.0,0.0,0.25423801,0.875
264.89145627,0.94604091525,0.002559150588235294,29,1,0.0,0.0,0.0,0.0,0.0,0.267643,1.525
268.13145312,0.8937715104,0.002643136285714286,93,1,0.0,0.0,0.0,0.0,0.0,0.209124,0.92500001
268.13145312,0.993079456,0.002643136285714286,93,-1,0.0,0.0,0.0,0.0,0.0,0.24151,0.55000001
268.13145312,0.8937715104,0.002643136285714286,93,-1,0.0,0.0,0.0,0.0,0.0,0.206398,1.7
265.4812104,0.9832637422222222,0.0031295261904761905,187,-1,0.0,0.0,0.0,0.0,0.0,0.22844701,1.125
265.4812104,0.884937368,0.0031295261904761905,187,-1,0.0,0.0,0.0,0.0,0.0,0.21354,2.575
272.15251104000004,0.8779113259354839,0.002159679642857143,30,1,0.0,0.0,0.0,0.0,0.0,0.17130899,0.17500000500000001
272.15251104000004,1.0079722631111112,0.0031169047619047617,184,-1,0.0,0.0,0.0,0.0,0.0,0.22955,0.875
271.05585888,0.9680566388571429,0.0031503595238095237,179,-1,0.0,0.0,0.0,0.0,0.0,0.224701,1.225
273.79748928000004,0.8832177073548388,0.0031404576190476184,178,1,0.0,0.0,0.0,0.0,0.0,0.19291,0.9999999900000001
277.72715952000004,0.9576798604137933,0.0030476561904761905,177,1,0.0,0.0,0.0,0.0,0.0,0.21542799,2.35
277.72715952000004,0.9257571984000001,0.0030476561904761905,177,1,0.0,0.0,0.0,0.0,0.0,0.214156,1.8
277.72715952000004,0.9918827125714287,0.0030476561904761905,177,-1,0.0,0.0,0.0,0.0,0.0,0.220741,0.9999999900000001
277.72715952000004,0.9576798604137933,0.0030476561904761905,177,-1,0.0,0.0,0.0,0.0,0.0,0.21303301,1.35
274.16304,0.9138768,0.0020093308571428573,32,-1,0.0,0.0,0.0,0.0,0.0,0.19412,0.700000015
276.99605808,0.9233201936000001,0.001988878,31,1,0.0,0.0,0.0,0.0,0.0,0.196144,0.799999985
270.78169584,0.9026056528,0.0018885579999999998,31,-1,0.0,0.0,0.0,0.0,0.0,0.20074899,1.025
270.78169584,0.9337299856551724,0.0018839,30,-1,0.0,0.0,0.0,0.0,0.0,0.228871,0.57499999
272.24389872,0.8782061249032258,0.0018735712500000002,29,1,0.0,0.0,0.0,0.0,0.0,0.199679,0.20000000499999998
272.24389872,0.9074796624,0.0018735712500000002,29,-1,0.0,0.0,0.0,0.0,0.0,0.20923001,0.94999999
271.20286172,0.7748653192,0.00409728,187,1,0.0,0.0,0.0,0.0,0.0,0.199939,0.22500000999999997
271.9390758,0.906463586,0.0019292268571428572,32,1,0.0,0.0,0.0,0.0,0.0,0.22520401,0.55000001
271.9390758,0.8772228251612904,0.004055196666666667,186,1,0.0,0.0,0.0,0.0,0.0,0.21246,1.1
271.9390758,0.8367356178461539,0.004055196666666667,186,1,0.0,0.0,0.0,0.0,0.0,0.200662,0.599999995
272.03110256,0.9380382846896552,0.0019179282857142857,31,-1,0.0,0.0,0.0,0.0,0.0,0.227642,0.525000005
272.03110256,0.8370187771076923,0.003781340952380952,185,1,0.0,0.0,0.0,0.0,0.0,0.20365,0.625
272.03110256,0.8000914781176471,0.003781340952380952,185,1,0.0,0.0,0.0,0.0,0.0,0.191549,0.29999999499999996
276.90852084,0.9548569684137931,0.0019051622857142857,30,-1,0.0,0.0,0.0,0.0,0.0,0.197155,0.35000001000000003
276.90852084,0.9230284028,0.0028759964285714284,93,1,0.0,0.0,0.0,0.0,0.0,0.217902,1.275
276.90852084,0.8932532930322581,0.0028759964285714284,93,1,0.0,0.0,0.0,0.0,0.0,0.207902,0.80000001
276.90852084,0.865339127625,0.0028759964285714284,93,1,0.0,0.0,0.0,0.0,0.0,0.19764701,0.45000000500000004
276.90852084,0.8932532930322581,0.003628200476190476,184,1,0.0,0.0,0.0,0.0,0.0,0.21917,1.375
276.90852084,0.7911672023999999,0.003628200476190476,184,1,0.0,0.0,0.0,0.0,0.0,0.189546,0.25000000499999997
276.90852084,1.006940075781818,0.003628200476190476,184,-1,0.0,0.0,0.0,0.0,0.0,0.238803,1.024999995
274.14771804000003,0.8567116188750001,0.0018898685714285714,29,1,0.0,0.0,0.0,0.0,0.0,0.209307,0.10000000549999999
274.14771804000003,0.9138257268000001,0.003525368095238095,183,1,0.0,0.0,0.0,0.0,0.0,0.22373299,1.675
271.84704904,0.9374036173793103,0.002866304642857143,89,1,0.0,0.0,0.0,0.0,0.0,0.224989,1.55
271.84704904,0.8769259646451613,0.002866304642857143,89,1,0.0,0.0,0.0,0.0,0.0,0.205155,0.599999995
271.84704904,0.970882318,0.002866304642857143,89,-1,0.0,0.0,0.0,0.0,0.0,0.232614,0.75
272.03110256,0.989204009309091,0.003859092857142857,178,-1,0.0,0.0,0.0,0.0,0.0,0.24067999,1.175
260.61978432,0.8687326144,0.002145358,32,1,0.0,0.0,0.0,0.0,0.0,0.28943899,0.375
260.61978432,0.8687326144,0.002145358,32,-1,0.0,0.0,0.0,0.0,0.0,0.28028399,2.025
251.23305480000002,0.9662809800000001,0.002155391176470588,29,-1,0.0,0.0,0.0,0.0,0.0,0.38822001,0.625
251.23305480000002,0.8663208786206897,0.002155391176470588,29,-1,0.0,0.0,0.0,0.0,0.0,0.31878299,2.075
258.04303504,0.8323968872258065,0.0024117160714285713,32,1,0.0,0.0,0.0,0.0,0.0,0.27257299,0.10000000549999999
258.04303504,0.9557149445925927,0.0024117160714285713,32,-1,0.0,0.0,0.0,0.0,0.0,0.32007501,0.67500001
258.04303504,0.8898035691034483,0.0024117160714285713,32,-1,0.0,0.0,0.0,0.0,0.0,0.26605099,1.6
248.28819848,0.886743566,0.002423137142857143,31,1,0.0,0.0,0.0,0.0,0.0,0.32894701,0.549999985
248.28819848,0.8276273282666667,0.002423137142857143,31,1,0.0,0.0,0.0,0.0,0.0,0.32530501,0.15000000000000002
248.28819848,0.800929672516129,0.002423137142857143,31,1,0.0,0.0,0.0,0.0,0.0,0.30198801,0.05
248.28819848,0.886743566,0.002423137142857143,31,-1,0.0,0.0,0.0,0.0,0.0,0.29231101,1.675
248.28819848,0.8276273282666667,0.002423137142857143,31,-1,0.0,0.0,0.0,0.0,0.0,0.26239499,3.3000000500000004
243.870914,0.8129030466666667,0.002425490357142857,30,1,0.0,0.0,0.0,0.0,0.0,0.33159399,0.10000000549999999
243.870914,0.76209660625,0.002425490357142857,30,1,0.0,0.0,0.0,0.0,0.0,0.38834,0.05
243.870914,0.87096755,0.002425490357142857,30,-1,0.0,0.0,0.0,0.0,0.0,0.32932001,2.1
243.870914,0.8129030466666667,0.002425490357142857,30,-1,0.0,0.0,0.0,0.0,0.0,0.263282,3.75
245.52739568,0.9093607247407408,0.0024167667857142856,29,1,0.0,0.0,0.0,0.0,0.0,0.35328701,0.799999985
245.52739568,0.876883556,0.0024167667857142856,29,1,0.0,0.0,0.0,0.0,0.0,0.33704099,0.42499999499999996
245.52739568,0.846646192,0.0024167667857142856,29,1,0.0,0.0,0.0,0.0,0.0,0.31052899,0.175
245.52739568,0.98210958272,0.0024167667857142856,29,-1,0.0,0.0,0.0,0.0,0.0,0.413463,0.625
262.91562128,0.9066055906206896,0.0025430908571428567,32,1,0.0,0.0,0.0,0.0,0.0,0.29098901,0.67500001
262.91562128,0.8763854042666666,0.0025430908571428567,32,1,0.0,0.0,0.0,0.0,0.0,0.27311799,0.32500000500000004
262.82284935999996,0.9386530334285713,0.002522352285714286,31,1,0.0,0.0,0.0,0.0,0.0,0.329853,1.25
262.82284935999996,0.9062856874482758,0.002522352285714286,31,1,0.0,0.0,0.0,0.0,0.0,0.308404,0.724999995
269.038568,0.8967952266666667,0.002509066857142857,30,1,0.0,0.0,0.0,0.0,0.0,0.28698799,0.525000005
269.038568,1.034763723076923,0.002509066857142857,30,-1,0.0,0.0,0.0,0.0,0.0,0.40063801,0.29999999499999996
281.65554912,0.9712260314482758,0.002490088,29,1,0.0,0.0,0.0,0.0,0.0,0.35026401,1.85
281.65554912,0.9388518304,0.002490088,29,1,0.0,0.0,0.0,0.0,0.0,0.32950199,1.2
281.65554912,0.9085662874838709,0.002490088,29,1,0.0,0.0,0.0,0.0,0.0,0.29576299,0.650000005
281.65554912,0.8801735909999999,0.002490088,29,1,0.0,0.0,0.0,0.0,0.0,0.22130001,0.174999995
281.65554912,0.9712260314482758,0.002490088,29,-1,0.0,0.0,0.0,0.0,0.0,0.32195801,0.599999995
281.65554912,0.9388518304,0.004337575714285714,92,1,0.0,0.0,0.0,0.0,0.0,0.29975799,1.825
281.65554912,0.9085662874838709,0.004337575714285714,92,1,0.0,0.0,0.0,0.0,0.0,0.28562301,1.2999999999999998
281.65554912,0.8283986738823529,0.004337575714285714,92,1,0.0,0.0,0.0,0.0,0.0,0.254994,0.35000001000000003
281.65554912,0.9388518304,0.004337575714285714,92,-1,0.0,0.0,0.0,0.0,0.0,0.25038901,1.575
281.65554912,0.9085662874838709,0.005233348571428571,183,1,0.0,0.0,0.0,0.0,0.0,0.28810301,1.875
280.82060184,0.9360686728,0.004319303214285714,89,1,0.0,0.0,0.0,0.0,0.0,0.288991,1.825
280.82060184,0.9058729091612903,0.004319303214285714,89,1,0.0,0.0,0.0,0.0,0.0,0.27224901,1.275
280.82060184,0.8023445766857142,0.005115485714285714,180,1,0.0,0.0,0.0,0.0,0.0,0.237892,0.525000005
278.59407576,0.8706064867500001,0.005192929047619047,179,1,0.0,0.0,0.0,0.0,0.0,0.27581301,1.4
284.99533823999997,0.8906104319999999,0.005304513333333333,178,1,0.0,0.0,0.0,0.0,0.0,0.27720499,1.675
284.99533823999997,0.863622237090909,0.005304513333333333,178,1,0.0,0.0,0.0,0.0,0.0,0.26827401,1.275
284.99533823999997,0.8142723949714284,0.005304513333333333,178,1,0.0,0.0,0.0,0.0,0.0,0.248175,0.650000005
294.92193368,0.867417452,0.0049695985714285715,177,1,0.0,0.0,0.0,0.0,0.0,0.24057201,1.1
285.92305744,0.9223324433548387,0.0026188666666666664,32,1,0.0,0.0,0.0,0.0,0.0,0.276472,0.92500001
285.92305744,1.0589742868148146,0.0026188666666666664,32,-1,0.0,0.0,0.0,0.0,0.0,0.38569799,0.20000000499999998
276.4603216,0.9533114537931034,0.0025867240000000003,31,1,0.0,0.0,0.0,0.0,0.0,0.34488401,1.625
271.26509408,0.9042169802666666,0.002574673125,29,1,0.0,0.0,0.0,0.0,0.0,0.29717201,0.650000005
288.14958351999996,0.9604986117333332,0.0030651374999999996,32,1,0.0,0.0,0.0,0.0,0.0,0.25477299,1.475
288.14958351999996,0.929514785548387,0.0030651374999999996,32,1,0.0,0.0,0.0,0.0,0.0,0.228503,0.80000001
288.14958351999996,0.8866141031384615,0.0030651374999999996,32,1,0.0,0.0,0.0,0.0,0.0,0.199522,0.20000000499999998
290.65442535999995,0.9082950792499999,0.0029040682857142857,32,1,0.0,0.0,0.0,0.0,0.0,0.191358,0.39999998999999997
290.65442535999995,0.8807709859393937,0.0029040682857142857,32,1,0.0,0.0,0.0,0.0,0.0,0.186413,0.15000000000000002
292.13877607999996,0.9129336752499999,0.0028406157142857142,30,1,0.0,0.0,0.0,0.0,0.0,0.20446301,0.39999998999999997
292.13877607999996,0.8852690184242423,0.0028406157142857142,30,1,0.0,0.0,0.0,0.0,0.0,0.19784699,0.15000000000000002
292.13877607999996,1.0073750899310343,0.004505862857142857,93,-1,0.0,0.0,0.0,0.0,0.0,0.23529001,0.650000005
293.43758296,0.9169924467499999,0.0028034288571428573,29,1,0.0,0.0,0.0,0.0,0.0,0.189042,0.39999998999999997
293.43758296,0.9465728482580644,0.004504367142857143,92,1,0.0,0.0,0.0,0.0,0.0,0.213489,1.4
293.43758296,0.9169924467499999,0.004504367142857143,92,1,0.0,0.0,0.0,0.0,0.0,0.19583499,0.849999995
293.43758296,0.9169924467499999,0.004923000476190476,183,1,0.0,0.0,0.0,0.0,0.0,0.213664,1.425
293.43758296,0.9781252765333333,0.005283333296703297,365,-1,0.0,0.0,0.0,0.0,0.0,0.21987601,2.5
291.30382879999996,0.8827388751515151,0.004538823571428571,89,1,0.0,0.0,0.0,0.0,0.0,0.172481,0.375
291.30382879999996,0.9103244649999999,0.004538823571428571,89,-1,0.0,0.0,0.0,0.0,0.0,0.184653,1.7000000000000002
288.98453079999996,0.9030766587499999,0.004886386190476191,179,1,0.0,0.0,0.0,0.0,0.0,0.202223,1.175
288.98453079999996,0.8256700879999999,0.005205480219780219,361,1,0.0,0.0,0.0,0.0,0.0,0.21211,0.875
296.77735817999996,0.9274292443124998,0.00461497,177,1,0.0,0.0,0.0,0.0,0.0,0.210287,1.525
297.89833025999997,0.9027222129090908,0.0026229414285714285,32,1,0.0,0.0,0.0,0.0,0.0,0.182142,0.274999995
291.73298382,0.9116655744375001,0.0025690766666666663,31,1,0.0,0.0,0.0,0.0,0.0,0.20519701,0.42499999499999996
291.73298382,0.9116655744375001,0.0025690766666666663,31,-1,0.0,0.0,0.0,0.0,0.0,0.201603,1.2
294.25517099999996,0.9492102290322579,0.002526482,30,-1,0.0,0.0,0.0,0.0,0.0,0.21018501,0.525000005
300.98100347999997,0.9405656358749999,0.00248891,29,1,0.0,0.0,0.0,0.0,0.0,0.18539999,0.775000005
304.90440576,0.9239527447272726,0.0025465846428571427,32,-1,0.0,0.0,0.0,0.0,0.0,0.15064,0.92500001
306.95952123999996,0.9301803673939393,0.002533232142857143,31,1,0.0,0.0,0.0,0.0,0.0,0.15407801,0.45000000500000004
302.28880424,0.94465251325,0.0025186110714285714,30,-1,0.0,0.0,0.0,0.0,0.0,0.162297,0.525000005
303.596605,0.948739390625,0.00249505,29,1,0.0,0.0,0.0,0.0,0.0,0.157562,0.775000005
303.596605,1.0119886833333334,0.00249505,29,-1,0.0,0.0,0.0,0.0,0.0,0.197045,0.0750000005
303.596605,0.948739390625,0.00249505,29,-1,0.0,0.0,0.0,0.0,0.0,0.153942,0.42499999499999996
302.842288,1.0094742933333334,0.00462459380952381,187,1,0.0,0.0,0.0,0.0,0.0,0.231126,3.1999999499999996
309.0496144,0.936513983030303,0.0025216997142857144,32,1,0.0,0.0,0.0,0.0,0.0,0.20374499,0.650000005
309.0496144,0.965780045,0.004519478095238096,186,-1,0.0,0.0,0.0,0.0,0.0,0.199286,1.625
306.5102536,1.0946794771428572,0.0045557614285714285,185,-1,0.0,0.0,0.0,0.0,0.0,0.249641,0.650000005
309.3317656,0.9373689866666666,0.0024923954285714285,30,1,0.0,0.0,0.0,0.0,0.0,0.187363,0.625
309.3317656,0.9097993105882353,0.0024923954285714285,30,1,0.0,0.0,0.0,0.0,0.0,0.169857,0.22500000999999997
309.3317656,0.9373689866666666,0.0041175325,93,1,0.0,0.0,0.0,0.0,0.0,0.188822,1.125
304.53519520000003,0.9228339248484849,0.004132741785714286,92,1,0.0,0.0,0.0,0.0,0.0,0.17878,0.849999995
304.53519520000003,0.9516724850000001,0.004132741785714286,92,-1,0.0,0.0,0.0,0.0,0.0,0.188536,1.125
304.53519520000003,0.9228339248484849,0.004132741785714286,92,-1,0.0,0.0,0.0,0.0,0.0,0.17894,1.625
300.3969776,0.8835205223529412,0.004194734285714286,89,1,0.0,0.0,0.0,0.0,0.0,0.169347,0.32500000500000004
312.81163039999996,0.8937475154285713,0.004603216666666667,177,1,0.0,0.0,0.0,0.0,0.0,0.17013,0.775000005
306.5102536,0.9578445425,0.00245648,32,1,0.0,0.0,0.0,0.0,0.0,0.23128401,1.2
306.5102536,0.901500745882353,0.00245648,32,1,0.0,0.0,0.0,0.0,0.0,0.19303501,0.25000000499999997
304.15899360000003,0.92169392,0.00243057,31,1,0.0,0.0,0.0,0.0,0.0,0.220248,0.55000001
304.15899360000003,0.9504968550000001,0.00243057,31,-1,0.0,0.0,0.0,0.0,0.0,0.23054001,0.69999999
295.2242056,0.9225756425,0.0025703960714285714,31,1,0.0,0.0,0.0,0.0,0.0,0.14842001,0.22500000999999997
295.2242056,0.8946188048484849,0.0025703960714285714,31,1,0.0,0.0,0.0,0.0,0.0,0.144862,0.05
295.2242056,0.8683064870588235,0.0025703960714285714,31,1,0.0,0.0,0.0,0.0,0.0,0.19858,0.05
293.6253488,0.8897737842424241,0.002536592857142857,29,1,0.0,0.0,0.0,0.0,0.0,0.163753,0.05
293.6253488,1.0125012027586207,0.002536592857142857,29,-1,0.0,0.0,0.0,0.0,0.0,0.20443501,0.1250000005
308.7795064,0.8822271611428572,0.003925409523809524,185,1,0.0,0.0,0.0,0.0,0.0,0.17044,0.625
308.7795064,1.1027839514285713,0.003925409523809524,185,-1,0.0,0.0,0.0,0.0,0.0,0.23531,0.57499999
310.6738592,0.97085581,0.002526166285714286,30,-1,0.0,0.0,0.0,0.0,0.0,0.187521,0.39999998999999997
310.6738592,0.97085581,0.003622097142857143,93,1,0.0,0.0,0.0,0.0,0.0,0.18033899,1.575
306.60100067999997,1.0950035738571426,0.0038519899999999996,183,-1,0.0,0.0,0.0,0.0,0.0,0.230968,0.57499999
304.13834204,0.9810914259354838,0.003724465714285714,89,-1,0.0,0.0,0.0,0.0,0.0,0.19375101,0.875
299.7813306,0.8565180874285714,0.003911069047619048,179,1,0.0,0.0,0.0,0.0,0.0,0.175925,0.42500000000000004
305.74854192000004,0.9265107330909093,0.0038458709523809527,177,1,0.0,0.0,0.0,0.0,0.0,0.18871699,1.275
305.74854192000004,0.8992604174117648,0.0038458709523809527,177,1,0.0,0.0,0.0,0.0,0.0,0.17623299,0.82499999
320.42977612,0.9155136460571428,0.002472148214285714,32,1,0.0,0.0,0.0,0.0,0.0,0.145371,0.175
320.42977612,0.942440518,0.002472148214285714,32,-1,0.0,0.0,0.0,0.0,0.0,0.14851999,0.69999999
322.51356419999996,0.9485693064705881,0.00239875,29,1,0.0,0.0,0.0,0.0,0.0,0.14675801,0.57499999
322.51356419999996,0.9214673262857142,0.00239875,29,1,0.0,0.0,0.0,0.0,0.0,0.135106,0.175
326.775858,0.9902298727272728,0.002250873142857143,31,1,0.0,0.0,0.0,0.0,0.0,0.146102,1.575
326.775858,0.9611054647058824,0.002250873142857143,31,1,0.0,0.0,0.0,0.0,0.0,0.136518,0.775000005
326.775858,0.9336453085714287,0.002250873142857143,31,1,0.0,0.0,0.0,0.0,0.0,0.13292199,0.274999995
325.54452868,0.9301272248,0.00222413,30,1,0.0,0.0,0.0,0.0,0.0,0.131622,0.20000000499999998
325.54452868,0.9864985717575757,0.00222413,30,-1,0.0,0.0,0.0,0.0,0.0,0.150887,0.20000000499999998
329.34397738,0.8666946773157895,0.002911004761904762,187,1,0.0,0.0,0.0,0.0,0.0,0.149985,0.32500000500000004
329.34397738,1.1356688875172414,0.002911004761904762,187,-1,0.0,0.0,0.0,0.0,0.0,0.21901099,0.39999998999999997
332.29987295,1.7489466997368421,0.00279222,186,-1,0.0,0.0,0.0,0.0,0.0,0.42612699,0.075000005
332.29987295,1.145861630862069,0.00279222,186,-1,0.0,0.0,0.0,0.0,0.0,0.219514,0.35000001000000003
332.29987295,0.9494282084285715,0.00279222,186,-1,0.0,0.0,0.0,0.0,0.0,0.15575901,1.875
333.53944206,0.9529698344571429,0.0021269541176470587,30,1,0.0,0.0,0.0,0.0,0.0,0.22034299,0.67500001
333.53944206,0.9264984501666667,0.002669765714285714,93,1,0.0,0.0,0.0,0.0,0.0,0.151163,0.625
333.53944206,0.9014579515135135,0.002669765714285714,93,1,0.0,0.0,0.0,0.0,0.0,0.141496,0.300000005
333.53944206,1.0423107564375,0.002669765714285714,93,-1,0.0,0.0,0.0,0.0,0.0,0.1752,0.274999995
325.24386417,0.9855874671818181,0.00270496,89,1,0.0,0.0,0.0,0.0,0.0,0.18342,1.825
319.99953332,0.941175098,0.0029381061904761906,179,-1,0.0,0.0,0.0,0.0,0.0,0.169534,2.05000005
337.63955526999996,0.9646844436285713,0.002154897857142857,32,1,0.0,0.0,0.0,0.0,0.0,0.141964,0.775000005
338.11631262000003,0.9660466074857144,0.0021485925,31,1,0.0,0.0,0.0,0.0,0.0,0.13006601,0.775000005
338.11631262000003,0.9392119795000001,0.0021485925,31,1,0.0,0.0,0.0,0.0,0.0,0.123076,0.275000005
331.44170972,0.9469763134857143,0.002163055428571429,31,1,0.0,0.0,0.0,0.0,0.0,0.16460299,0.5
336.20928322,0.9605979520571428,0.0021603714285714283,30,1,0.0,0.0,0.0,0.0,0.0,0.160532,0.724999995
334.01619941,0.9543319983142857,0.0021451711428571428,29,1,0.0,0.0,0.0,0.0,0.0,0.16324399,0.599999995
334.01619941,0.927822776138889,0.0021451711428571428,29,1,0.0,0.0,0.0,0.0,0.0,0.151636,0.20000000499999998
334.01619941,0.9824005865000001,0.0021451711428571428,29,-1,0.0,0.0,0.0,0.0,0.0,0.145704,0.25000000499999997
331.72776413,0.9756698945000001,0.00208522,31,1,0.0,0.0,0.0,0.0,0.0,0.18364599,1.075
331.72776413,0.9756698945000001,0.00208522,31,-1,0.0,0.0,0.0,0.0,0.0,0.168184,0.42500000000000004
332.87198177,0.9790352405,0.002065939411764706,30,1,0.0,0.0,0.0,0.0,0.0,0.17729899,1.1
332.87198177,0.9510628050571428,0.002065939411764706,30,1,0.0,0.0,0.0,0.0,0.0,0.16699301,0.5
332.87198177,0.9790352405,0.002065939411764706,30,-1,0.0,0.0,0.0,0.0,0.0,0.16219901,0.375
333.15803618,0.9798765770000001,0.0020561129411764707,29,-1,0.0,0.0,0.0,0.0,0.0,0.15641101,0.375
333.15803618,0.9254389893888889,0.002744134285714286,92,1,0.0,0.0,0.0,0.0,0.0,0.139925,0.42499999499999996
333.15803618,0.9254389893888889,0.002989514761904762,183,1,0.0,0.0,0.0,0.0,0.0,0.150515,0.82499999
336.78139204,0.9355038667777779,0.002964169523809524,179,1,0.0,0.0,0.0,0.0,0.0,0.144105,0.875
336.78139204,0.9102199784864865,0.002964169523809524,179,1,0.0,0.0,0.0,0.0,0.0,0.137815,0.525000005
336.78139204,1.1226046401333334,0.0032229104395604395,361,-1,0.0,0.0,0.0,0.0,0.0,0.193133,0.900000005
334.96971411000004,0.9570563260285715,0.002945431904761905,178,1,0.0,0.0,0.0,0.0,0.0,0.154699,1.3
334.96971411000004,0.9053235516486487,0.002945431904761905,178,1,0.0,0.0,0.0,0.0,0.0,0.137061,0.47500001000000003
334.96971411000004,0.8814992476578949,0.002945431904761905,178,1,0.0,0.0,0.0,0.0,0.0,0.13476799,0.274999995
345.72075244,1.0168257424705882,0.0025798971428571426,32,1,0.0,0.0,0.0,0.0,0.0,0.162403,2.075
345.72075244,0.9877735784,0.0025798971428571426,32,1,0.0,0.0,0.0,0.0,0.0,0.150005,1.225
345.72075244,0.9603354234444444,0.0025798971428571426,32,1,0.0,0.0,0.0,0.0,0.0,0.134417,0.55000001
345.72075244,0.9877735784,0.0025798971428571426,32,-1,0.0,0.0,0.0,0.0,0.0,0.145634,0.25000000499999997
346.68055463999997,0.9630015406666665,0.00206435,29,-1,0.0,0.0,0.0,0.0,0.0,0.11691,0.45000000500000004
360.11778544000003,1.0289079584,0.002097899285714286,31,1,0.0,0.0,0.0,0.0,0.0,0.225539,2.6499999499999998
360.11778544000003,0.9732913120000001,0.002097899285714286,31,1,0.0,0.0,0.0,0.0,0.0,0.122838,0.775000005
356.37455686000004,0.9631744780000001,0.0020869157142857143,30,-1,0.0,0.0,0.0,0.0,0.0,0.124606,0.57499999
358.9660228,0.9701784400000001,0.002079661428571429,29,1,0.0,0.0,0.0,0.0,0.0,0.120501,0.650000005
358.9660228,0.9446474284210526,0.002079661428571429,29,1,0.0,0.0,0.0,0.0,0.0,0.118617,0.20000000499999998
368.03612066,0.968516107,0.0020597914285714284,32,1,0.0,0.0,0.0,0.0,0.0,0.176071,0.82499999
364.46295444000003,1.0413227269714287,0.0028711823809523807,185,-1,0.0,0.0,0.0,0.0,0.0,0.184523,0.95000001
357.316622,0.9403069,0.0020296574285714286,30,1,0.0,0.0,0.0,0.0,0.0,0.193286,0.42499999499999996
357.316622,0.9161964666666667,0.0026252982857142854,93,1,0.0,0.0,0.0,0.0,0.0,0.16360401,0.47500001000000003
357.316622,1.0209046342857142,0.0026252982857142854,93,-1,0.0,0.0,0.0,0.0,0.0,0.188749,0.650000005
357.316622,0.9161964666666667,0.0026252982857142854,93,-1,0.0,0.0,0.0,0.0,0.0,0.15533599,2.6
357.316622,0.9161964666666667,0.002804100476190476,184,1,0.0,0.0,0.0,0.0,0.0,0.170711,0.92500001
359.9240676200001,0.9471685990000002,0.002018103714285714,29,1,0.0,0.0,0.0,0.0,0.0,0.1727,0.42499999499999996
359.9240676200001,0.9727677503243245,0.0026285817142857144,92,-1,0.0,0.0,0.0,0.0,0.0,0.169506,1.225
359.9240676200001,0.8998101690500002,0.0028690242857142855,183,1,0.0,0.0,0.0,0.0,0.0,0.162808,0.650000005
359.9240676200001,1.2411174745517244,0.0028690242857142855,183,-1,0.0,0.0,0.0,0.0,0.0,0.24677999,0.22500000999999997
360.31035586,1.0294581596,0.002603424285714286,89,-1,0.0,0.0,0.0,0.0,0.0,0.185752,0.525000005
360.60007204000004,0.9015001801000001,0.0028044785714285716,178,1,0.0,0.0,0.0,0.0,0.0,0.15856799,0.625
360.60007204000004,1.0302859201142858,0.0028044785714285716,178,-1,0.0,0.0,0.0,0.0,0.0,0.182932,1.024999995
362.91780148,0.9072945037,0.002817966666666667,177,1,0.0,0.0,0.0,0.0,0.0,0.15339801,0.625
362.91780148,1.0369080042285714,0.002817966666666667,177,-1,0.0,0.0,0.0,0.0,0.0,0.18097199,0.95000001
381.26649288,0.9531662322,0.0019578537142857146,31,1,0.0,0.0,0.0,0.0,0.0,0.154576,0.42500000000000004
375.6653134,0.9391632835,0.001958952285714286,30,1,0.0,0.0,0.0,0.0,0.0,0.158628,0.25000000499999997
379.91448404000005,0.9741397026666668,0.001949592,29,1,0.0,0.0,0.0,0.0,0.0,0.17906401,0.875
379.91448404000005,0.9741397026666668,0.001949592,29,-1,0.0,0.0,0.0,0.0,0.0,0.163546,0.69999999
403.90750554,0.9179716035,0.002954775238095238,187,1,0.0,0.0,0.0,0.0,0.0,0.158308,0.875
403.90750554,1.0629144882631578,0.002954775238095238,187,-1,0.0,0.0,0.0,0.0,0.0,0.181389,0.849999995
404.49048486000004,0.9406755461860467,0.002921360476190476,186,1,0.0,0.0,0.0,0.0,0.0,0.162357,1.25
402.7415469,0.9822964558536585,0.00194273,31,-1,0.0,0.0,0.0,0.0,0.0,0.17923699,0.650000005
406.43374925999996,0.9451947657209301,0.0019299205882352941,30,1,0.0,0.0,0.0,0.0,0.0,0.159017,0.29999999499999996
406.1422596,0.9025383546666667,0.002863339047619048,183,1,0.0,0.0,0.0,0.0,0.0,0.152945,0.625
406.1422596,1.0413904092307693,0.002863339047619048,183,-1,0.0,0.0,0.0,0.0,0.0,0.175188,1.024999995
407.01672858,0.9927237282439024,0.002538940571428571,89,1,0.0,0.0,0.0,0.0,0.0,0.16074499,1.75
405.46211705999997,1.01365529265,0.00289885,179,1,0.0,0.0,0.0,0.0,0.0,0.181692,2.92499995
403.51885266,0.9170883015,0.0029203009523809526,178,1,0.0,0.0,0.0,0.0,0.0,0.158701,0.82499999
403.51885266,1.0346637247692307,0.0029203009523809526,178,-1,0.0,0.0,0.0,0.0,0.0,0.174412,1.075
410.41744128,0.9544591657674418,0.0018858182142857142,32,-1,0.0,0.0,0.0,0.0,0.0,0.130178,1.1
415.27560228,1.0128673226341462,0.0018578031428571429,32,-1,0.0,0.0,0.0,0.0,0.0,0.165014,0.274999995
425.52632199,0.96710527725,0.0018477988571428572,31,1,0.0,0.0,0.0,0.0,0.0,0.149441,0.525000005
425.52632199,1.063815804975,0.0018477988571428572,31,-1,0.0,0.0,0.0,0.0,0.0,0.201121,0.1
429.75292205999995,1.0481778586829267,0.001833306285714286,29,1,0.0,0.0,0.0,0.0,0.0,0.165895,3.25
429.75292205999995,0.9767111864999999,0.001833306285714286,29,1,0.0,0.0,0.0,0.0,0.0,0.146231,0.775000005
429.75292205999995,0.9994254001395347,0.001833306285714286,29,-1,0.0,0.0,0.0,0.0,0.0,0.15049601,0.35000001000000003
426.91311936,0.9486958208,0.0029124885714285715,187,1,0.0,0.0,0.0,0.0,0.0,0.170531,1.425
428.57464020000003,1.0714366005,0.0017751219999999999,32,1,0.0,0.0,0.0,0.0,0.0,0.24586,4.0
428.57464020000003,0.9523880893333334,0.0017751219999999999,32,1,0.0,0.0,0.0,0.0,0.0,0.184543,0.5
428.57464020000003,1.0714366005,0.002848774761904762,186,-1,0.0,0.0,0.0,0.0,0.0,0.202162,1.075
439.03244784000003,1.0975811196,0.0017798900000000001,31,1,0.0,0.0,0.0,0.0,0.0,0.238868,4.95000005
439.03244784000003,0.9544183648695653,0.0017798900000000001,31,1,0.0,0.0,0.0,0.0,0.0,0.171552,0.45000000500000004
439.03244784000003,1.0210056926511628,0.0017798900000000001,31,-1,0.0,0.0,0.0,0.0,0.0,0.200271,0.35000001000000003
439.03244784000003,0.9756276618666667,0.0027399547619047617,185,1,0.0,0.0,0.0,0.0,0.0,0.17267101,1.9999999499999999
439.03244784000003,0.9544183648695653,0.0027399547619047617,185,1,0.0,0.0,0.0,0.0,0.0,0.168273,1.525
439.03244784000003,0.9341115911489363,0.0027399547619047617,185,1,0.0,0.0,0.0,0.0,0.0,0.161386,1.1
442.7464356,0.9624922513043478,0.0017475958823529412,30,1,0.0,0.0,0.0,0.0,0.0,0.16371,0.55000001
442.7464356,1.006241899090909,0.0017475958823529412,30,-1,0.0,0.0,0.0,0.0,0.0,0.188796,0.45000000500000004
442.7464356,0.9838809679999999,0.0017475958823529412,30,-1,0.0,0.0,0.0,0.0,0.0,0.172809,0.75
442.7464356,0.9624922513043478,0.0017475958823529412,30,-1,0.0,0.0,0.0,0.0,0.0,0.158758,1.225
442.7464356,0.9420136927659574,0.002311990857142857,93,1,0.0,0.0,0.0,0.0,0.0,0.155433,0.724999995
442.7464356,1.029642873488372,0.002311990857142857,93,-1,0.0,0.0,0.0,0.0,0.0,0.171223,0.69999999
442.7464356,0.9223884075,0.002639192857142857,184,1,0.0,0.0,0.0,0.0,0.0,0.15408701,0.849999995
442.7464356,0.9035641542857142,0.002639192857142857,184,1,0.0,0.0,0.0,0.0,0.0,0.146432,0.549999985
442.7464356,0.8854928712,0.002639192857142857,184,1,0.0,0.0,0.0,0.0,0.0,0.145317,0.375
442.7464356,1.006241899090909,0.002639192857142857,184,-1,0.0,0.0,0.0,0.0,0.0,0.175317,1.85
444.99437556000004,0.9888763901333334,0.0022860922857142855,92,1,0.0,0.0,0.0,0.0,0.0,0.167937,1.775
444.99437556000004,0.9888763901333334,0.0025955595238095234,183,1,0.0,0.0,0.0,0.0,0.0,0.173051,2.325
444.99437556000004,0.9673790773043479,0.0025955595238095234,183,1,0.0,0.0,0.0,0.0,0.0,0.16844501,1.7999999999999998
444.99437556000004,0.9467965437446809,0.0025955595238095234,183,1,0.0,0.0,0.0,0.0,0.0,0.161484,1.325
444.99437556000004,0.9270716157500001,0.0025955595238095234,183,1,0.0,0.0,0.0,0.0,0.0,0.15641101,0.95000001
444.99437556000004,0.9081517868571429,0.0025955595238095234,183,1,0.0,0.0,0.0,0.0,0.0,0.15613,0.69999999
444.99437556000004,1.0113508535454547,0.0025955595238095234,183,-1,0.0,0.0,0.0,0.0,0.0,0.180426,1.7999999999999998
444.99437556000004,0.9888763901333334,0.0025955595238095234,183,-1,0.0,0.0,0.0,0.0,0.0,0.173309,2.1999999499999996
444.99437556000004,1.1124859389000001,0.0025442476190476195,180,-1,0.0,0.0,0.0,0.0,0.0,0.20839,0.724999995
449.97893808,0.9999531957333333,0.0025130242857142856,179,1,0.0,0.0,0.0,0.0,0.0,0.17670199,2.67499995
449.97893808,0.9183243634285714,0.0025130242857142856,179,1,0.0,0.0,0.0,0.0,0.0,0.159467,0.875
449.97893808,0.89995787616,0.0025130242857142856,179,1,0.0,0.0,0.0,0.0,0.0,0.154274,0.599999995
447.73099812000004,0.9949577736,0.0025217338095238095,178,1,0.0,0.0,0.0,0.0,0.0,0.17968901,2.575
447.73099812000004,0.9733282567826088,0.0025217338095238095,178,1,0.0,0.0,0.0,0.0,0.0,0.173021,2.00000005
447.73099812000004,0.9526191449361703,0.0025217338095238095,178,1,0.0,0.0,0.0,0.0,0.0,0.17045,1.5499999999999998
447.73099812000004,0.9327729127500001,0.0025217338095238095,178,1,0.0,0.0,0.0,0.0,0.0,0.165711,1.15
447.73099812000004,0.9137367308571429,0.0025217338095238095,178,1,0.0,0.0,0.0,0.0,0.0,0.163818,0.849999995
447.73099812000004,0.8954619962400001,0.0025217338095238095,178,1,0.0,0.0,0.0,0.0,0.0,0.157529,0.57499999
449.88120156,0.89976240312,0.00253120380952381,177,1,0.0,0.0,0.0,0.0,0.0,0.15847801,0.625
460.8276918,1.0240615373333335,0.0017338278571428572,32,-1,0.0,0.0,0.0,0.0,0.0,0.163266,0.20000000499999998
467.08282908,0.97308922725,0.001729672142857143,30,-1,0.0,0.0,0.0,0.0,0.0,0.123152,0.849999995
461.41411092000004,0.9416614508571429,0.0017264,32,1,0.0,0.0,0.0,0.0,0.0,0.162229,0.25000000499999997
469.81945164,0.9996158545531915,0.0017330474285714285,31,1,0.0,0.0,0.0,0.0,0.0,0.16328301,1.475
469.81945164,1.021346634,0.0017330474285714285,31,-1,0.0,0.0,0.0,0.0,0.0,0.173426,0.300000005
469.81945164,0.9996158545531915,0.0017330474285714285,31,-1,0.0,0.0,0.0,0.0,0.0,0.144408,0.45000000500000004
469.81945164,0.9996158545531915,0.0017221614285714288,30,-1,0.0,0.0,0.0,0.0,0.0,0.141739,0.42499999499999996
470.40587076,1.1760146769000002,0.001725053142857143,29,1,0.0,0.0,0.0,0.0,0.0,0.43686101,8.25
470.40587076,0.9600119811428572,0.001725053142857143,29,1,0.0,0.0,0.0,0.0,0.0,0.144271,0.375
470.79681684,0.9808267017500001,0.0024938738095238093,186,1,0.0,0.0,0.0,0.0,0.0,0.161351,1.92500005
474.022122,1.102377027906977,0.0021921297142857145,92,1,0.0,0.0,0.0,0.0,0.0,0.21968199,5.60000015
474.022122,0.9480442440000001,0.0021921297142857145,92,1,0.0,0.0,0.0,0.0,0.0,0.155021,0.75
474.022122,0.9480442440000001,0.0021921297142857145,92,-1,0.0,0.0,0.0,0.0,0.0,0.156987,2.6999999499999996
474.022122,1.0533824933333333,0.0024894857142857144,183,1,0.0,0.0,0.0,0.0,0.0,0.18270899,4.20000005
474.022122,1.0085577063829787,0.0024894857142857144,183,1,0.0,0.0,0.0,0.0,0.0,0.167944,2.7749999499999998
474.21759504000005,0.9484351900800001,0.0016453046428571427,32,1,0.0,0.0,0.0,0.0,0.0,0.144366,0.22500000999999997
474.21759504000005,1.0309078153043478,0.0016453046428571427,32,-1,0.0,0.0,0.0,0.0,0.0,0.194921,0.32500000500000004
474.21759504000005,0.987953323,0.0016453046428571427,32,-1,0.0,0.0,0.0,0.0,0.0,0.15628199,0.80000001
474.21759504000005,0.8622138091636364,0.002481723333333333,179,1,0.0,0.0,0.0,0.0,0.0,0.15336899,0.25
475.39043328,0.95078086656,0.0016699703571428574,31,1,0.0,0.0,0.0,0.0,0.0,0.151797,0.274999995
475.39043328,1.0114690069787236,0.0016699703571428574,31,-1,0.0,0.0,0.0,0.0,0.0,0.169864,0.42499999499999996
475.39043328,1.131881984,0.0024832885714285717,178,1,0.0,0.0,0.0,0.0,0.0,0.22420999,6.89999985
475.39043328,1.0564231850666668,0.0024832885714285717,178,1,0.0,0.0,0.0,0.0,0.0,0.183071,4.25
475.39043328,0.95078086656,0.0024832885714285717,178,1,0.0,0.0,0.0,0.0,0.0,0.158895,1.325
475.39043328,0.990396736,0.0024832885714285717,178,-1,0.0,0.0,0.0,0.0,0.0,0.162551,2.17499995
466.30093692,1.013697688956522,0.0016781849999999998,30,1,0.0,0.0,0.0,0.0,0.0,0.179911,1.875
466.30093692,0.9921296530212766,0.0016781849999999998,30,1,0.0,0.0,0.0,0.0,0.0,0.16947301,1.15
466.30093692,0.97146028525,0.0016781849999999998,30,1,0.0,0.0,0.0,0.0,0.0,0.161587,0.625
466.30093692,1.013697688956522,0.0016781849999999998,30,-1,0.0,0.0,0.0,0.0,0.0,0.182789,0.42499999499999996
466.30093692,0.9921296530212766,0.0016781849999999998,30,-1,0.0,0.0,0.0,0.0,0.0,0.170718,0.724999995
466.30093692,1.110240326,0.002522940476190476,177,1,0.0,0.0,0.0,0.0,0.0,0.231525,6.1999998
466.30093692,1.0362243042666668,0.002522940476190476,177,1,0.0,0.0,0.0,0.0,0.0,0.183089,3.6000000500000002
466.30093692,0.9516345651428572,0.002522940476190476,177,1,0.0,0.0,0.0,0.0,0.0,0.161754,1.35
453.20424324,0.9852266157391304,0.0017108564285714287,29,1,0.0,0.0,0.0,0.0,0.0,0.19996101,1.1
453.20424324,0.94417550675,0.0017108564285714287,29,-1,0.0,0.0,0.0,0.0,0.0,0.112703,1.9500000000000002
469.7379133999999,1.0438620297777776,0.001616965,32,-1,0.0,0.0,0.0,0.0,0.0,0.18798301,0.20000000499999998
469.7379133999999,1.0211693769565215,0.001616965,32,-1,0.0,0.0,0.0,0.0,0.0,0.168589,0.32499999999999996
469.7379133999999,0.99944236893617,0.001616965,32,-1,0.0,0.0,0.0,0.0,0.0,0.151035,0.55000001
471.31025788,0.9618576691428571,0.001586404642857143,29,1,0.0,0.0,0.0,0.0,0.0,0.13744199,0.32500000500000004
471.31025788,1.0027877827234042,0.001586404642857143,29,-1,0.0,0.0,0.0,0.0,0.0,0.15935101,0.47500001000000003
471.31025788,0.9818963705833333,0.001586404642857143,29,-1,0.0,0.0,0.0,0.0,0.0,0.143517,0.82499999
492.73345141999994,1.0055784722857142,0.001602558,32,1,0.0,0.0,0.0,0.0,0.0,0.14643601,1.5499999999999998
492.73345141999994,0.9854669028399998,0.001602558,32,1,0.0,0.0,0.0,0.0,0.0,0.130925,0.849999995
490.96456387999996,0.98192912776,0.0015385482857142856,29,1,0.0,0.0,0.0,0.0,0.0,0.136004,0.67500001
490.96456387999996,1.0019684977142855,0.0015385482857142856,29,-1,0.0,0.0,0.0,0.0,0.0,0.135943,0.45000000500000004
472.0949487,1.0978952295348836,0.0015612533333333335,32,-1,0.0,0.0,0.0,0.0,0.0,0.26257399,0.1500000005
472.0949487,1.0262933667391303,0.0015612533333333335,32,-1,0.0,0.0,0.0,0.0,0.0,0.208317,0.500000015
472.0949487,1.5228869312903226,0.0022401219047619046,186,-1,0.0,0.0,0.0,0.0,0.0,0.324503,0.125
477.2317843,1.015386775106383,0.001555086,31,-1,0.0,0.0,0.0,0.0,0.0,0.198268,0.625
476.8366431,0.9731360063265306,0.0015433,30,1,0.0,0.0,0.0,0.0,0.0,0.17777801,0.650000005
476.8366431,1.0145460491489362,0.0020540925714285715,93,1,0.0,0.0,0.0,0.0,0.0,0.17088801,2.325
476.8366431,0.9731360063265306,0.0020540925714285715,93,1,0.0,0.0,0.0,0.0,0.0,0.160074,1.2000000000000002
476.8366431,0.9536732862,0.0020540925714285715,93,1,0.0,0.0,0.0,0.0,0.0,0.15573201,0.799999985
476.8366431,1.083719643409091,0.0022429161904761906,184,1,0.0,0.0,0.0,0.0,0.0,0.184908,5.0
476.8366431,0.9536732862,0.0022429161904761906,184,1,0.0,0.0,0.0,0.0,0.0,0.158566,1.35
476.2439313,0.9524878626,0.0020747605714285713,89,1,0.0,0.0,0.0,0.0,0.0,0.175128,0.89999999
476.2439313,0.8658980569090908,0.0020747605714285713,89,1,0.0,0.0,0.0,0.0,0.0,0.16185001,0.075000005
479.108705,0.9582174099999999,0.0022531914285714287,177,1,0.0,0.0,0.0,0.0,0.0,0.153909,1.325
490.6665851,0.8921210638181819,0.0015075303571428572,29,1,0.0,0.0,0.0,0.0,0.0,0.26277101,0.1500000005
490.6665851,1.0222220522916667,0.0015075303571428572,29,-1,0.0,0.0,0.0,0.0,0.0,0.13879301,0.20000000499999998
504.792883,1.009585766,0.0015963088571428572,32,1,0.0,0.0,0.0,0.0,0.0,0.13249101,1.4
514.0787012,1.0281574024,0.0015655511428571429,31,1,0.0,0.0,0.0,0.0,0.0,0.12192,2.125
514.0787012,1.0281574024,0.0015655511428571429,31,-1,0.0,0.0,0.0,0.0,0.0,0.133121,0.20000000499999998
519.64653024,1.03929306048,0.0023382174285714284,187,1,0.0,0.0,0.0,0.0,0.0,0.14530499,3.3500000500000002
519.64653024,1.03929306048,0.0023382174285714284,187,-1,0.0,0.0,0.0,0.0,0.0,0.14909101,1.375
513.0913561199999,1.1402030135999996,0.0015691866666666667,30,1,0.0,0.0,0.0,0.0,0.0,0.34893,6.8499999
513.0913561199999,1.0261827122399998,0.0021046914285714285,93,1,0.0,0.0,0.0,0.0,0.0,0.16531,2.625
517.56079302,0.9410196236727273,0.0020988634285714286,92,1,0.0,0.0,0.0,0.0,0.0,0.143097,0.42499999499999996
514.58116842,1.2864529210500002,0.002363752,180,-1,0.0,0.0,0.0,0.0,0.0,0.227153,0.20000000499999998
520.63973844,1.04127947688,0.0023603182857142857,178,1,0.0,0.0,0.0,0.0,0.0,0.148812,3.3499999
519.14992614,0.9439089566181819,0.0015637517857142857,30,-1,0.0,0.0,0.0,0.0,0.0,0.14706001,2.8499999
518.0573971199999,0.9419225402181817,0.001550074642857143,29,-1,0.0,0.0,0.0,0.0,0.0,0.116383,2.875
527.0955917399999,0.9583556213454544,0.0015671251428571427,31,1,0.0,0.0,0.0,0.0,0.0,0.128914,0.15000000000000002
527.1949125599999,0.9585362046545454,0.0015442608571428571,29,1,0.0,0.0,0.0,0.0,0.0,0.120059,0.10000000549999999
496.42434168000005,0.9928486833600001,0.002142423142857143,93,1,0.0,0.0,0.0,0.0,0.0,0.227751,1.9749999999999999
505.61183704000007,1.0757698660425534,0.0021362237142857144,92,-1,0.0,0.0,0.0,0.0,0.0,0.218134,0.849999995
505.61183704000007,1.0533579938333335,0.0021362237142857144,92,-1,0.0,0.0,0.0,0.0,0.0,0.207986,1.074999995
505.61183704000007,1.0318608919183674,0.0021362237142857144,92,-1,0.0,0.0,0.0,0.0,0.0,0.199866,1.375
504.9127884800001,1.0098255769600002,0.0021367234285714284,89,1,0.0,0.0,0.0,0.0,0.0,0.213825,2.17499995
504.9127884800001,0.9180232517818183,0.0021367234285714284,89,1,0.0,0.0,0.0,0.0,0.0,0.181384,0.35000001000000003
504.9127884800001,1.0304342622040819,0.0021367234285714284,89,-1,0.0,0.0,0.0,0.0,0.0,0.171276,1.275
513.00177896,1.2825044474,0.002352040476190476,178,-1,0.0,0.0,0.0,0.0,0.0,0.257828,0.400000005
513.00177896,1.02600355792,0.002352040476190476,178,-1,0.0,0.0,0.0,0.0,0.0,0.176346,2.375
511.0044973600001,1.0220089947200002,0.0015337142857142858,30,1,0.0,0.0,0.0,0.0,0.0,0.211413,1.9
511.0044973600001,1.135565549688889,0.0015337142857142858,30,-1,0.0,0.0,0.0,0.0,0.0,0.30160201,0.125
515.59824504,1.0311964900800001,0.0015249307142857144,29,-1,0.0,0.0,0.0,0.0,0.0,0.19873799,0.5
557.6410227200001,1.0138927685818184,0.0015728900000000002,30,-1,0.0,0.0,0.0,0.0,0.0,0.131046,0.474999995
560.43721696,1.018976758109091,0.0015655225714285715,29,1,0.0,0.0,0.0,0.0,0.0,0.135222,1.525
559.83803248,1.0178873317818182,0.0016573359999999997,32,1,0.0,0.0,0.0,0.0,0.0,0.23589499,2.04999995
559.83803248,1.0178873317818182,0.0016573359999999997,32,-1,0.0,0.0,0.0,0.0,0.0,0.152026,0.650000005
560.2374888,1.1204749776,0.002938859010989011,186,-1,0.0,0.0,0.0,0.0,0.0,0.209501,1.1
558.93925576,1.11787851152,0.0023139682857142856,93,1,0.0,0.0,0.0,0.0,0.0,0.268713,6.29999995
558.93925576,1.11787851152,0.002729480549450549,184,1,0.0,0.0,0.0,0.0,0.0,0.227432,6.60000015
556.34278968,1.0115323448727274,0.002310216285714286,92,1,0.0,0.0,0.0,0.0,0.0,0.186083,2.1999999499999996
556.34278968,0.9272379828,0.002310216285714286,92,1,0.0,0.0,0.0,0.0,0.0,0.15333,0.324999995
566.52892584,1.0300525924363637,0.002326640857142857,91,1,0.0,0.0,0.0,0.0,0.0,0.18665101,2.625
567.4277025600001,1.031686731927273,0.0017139342857142856,31,1,0.0,0.0,0.0,0.0,0.0,0.21447399,2.29999995
567.4277025600001,1.031686731927273,0.0017139342857142856,31,-1,0.0,0.0,0.0,0.0,0.0,0.20138299,0.67500001
565.1308287200001,1.0275105976727275,0.0016868585714285716,30,-1,0.0,0.0,0.0,0.0,0.0,0.19206201,0.67500001
565.1308287200001,1.0275105976727275,0.002805629841269841,177,1,0.0,0.0,0.0,0.0,0.0,0.174133,3.15
565.1308287200001,1.1302616574400002,0.002805629841269841,177,-1,0.0,0.0,0.0,0.0,0.0,0.211087,1.024999995
573.519681,1.0427630563636363,0.0016840307142857141,29,1,0.0,0.0,0.0,0.0,0.0,0.159262,2.4250000500000004
573.519681,1.0427630563636363,0.0016840307142857141,29,-1,0.0,0.0,0.0,0.0,0.0,0.196676,0.44999999999999996
567.0970633999999,1.0310855698181816,0.001809635714285714,31,-1,0.0,0.0,0.0,0.0,0.0,0.169082,0.5
573.8207411999999,1.0433104385454544,0.0018145445714285715,32,-1,0.0,0.0,0.0,0.0,0.0,0.188943,0.44999999999999996
579.2611472,1.1585222944,0.002601855142857143,93,1,0.0,0.0,0.0,0.0,0.0,0.237215,7.8000002
566.6553597,1.1333107193999998,0.0025908985714285715,91,1,0.0,0.0,0.0,0.0,0.0,0.25692299,6.85000015
566.6553597,1.030282472181818,0.0025908985714285715,91,1,0.0,0.0,0.0,0.0,0.0,0.163488,2.4499999499999996
566.6553597,1.030282472181818,0.003251925714285714,182,1,0.0,0.0,0.0,0.0,0.0,0.17173199,3.20000005
566.6553597,0.9444255994999999,0.003251925714285714,182,-1,0.0,0.0,0.0,0.0,0.0,0.149977,5.1500001
589.8500087000001,0.9830833478333335,0.0018862435714285717,32,1,0.0,0.0,0.0,0.0,0.0,0.121055,0.29999999499999996
595.2957089,1.0823558343636364,0.0019015062857142859,31,-1,0.0,0.0,0.0,0.0,0.0,0.181747,0.175
597.1109423,1.085656258727273,0.0019007722857142858,30,-1,0.0,0.0,0.0,0.0,0.0,0.18266299,0.1500000005
603.4642592000001,1.0057737653333336,0.0018797177142857143,29,1,0.0,0.0,0.0,0.0,0.0,0.122494,0.67500001
603.4642592000001,1.0972077440000003,0.0018797177142857143,29,-1,0.0,0.0,0.0,0.0,0.0,0.213135,0.1500000005
599.3295609,0.9988826015000001,0.0018643548571428573,28,1,0.0,0.0,0.0,0.0,0.0,0.124146,0.5
584.9869842,0.9749783070000001,0.0028399485714285717,93,1,0.0,0.0,0.0,0.0,0.0,0.149013,0.799999985
591.8823066,1.0761496483636364,0.0029105085714285716,91,-1,0.0,0.0,0.0,0.0,0.0,0.17278101,0.775000005
592.693521,0.9878225350000001,0.00407389,179,1,0.0,0.0,0.0,0.0,0.0,0.152632,1.7000000000000002
592.5921192000001,0.9876535320000002,0.0018960014285714286,31,1,0.0,0.0,0.0,0.0,0.0,0.134516,0.35000001000000003
574.8468042000001,1.0451760076363636,0.0020056954285714284,29,-1,0.0,0.0,0.0,0.0,0.0,0.193527,0.549999985
553.7552298,1.0068276905454547,0.00212205,31,-1,0.0,0.0,0.0,0.0,0.0,0.19261201,1.6
550.0033632000001,1.000006114909091,0.0021675930434782607,29,-1,0.0,0.0,0.0,0.0,0.0,0.190791,1.775
538.3421562000001,0.9788039203636365,0.0019503508695652171,28,1,0.0,0.0,0.0,0.0,0.0,0.20186301,0.42499999499999996
538.3421562000001,1.0766843124000003,0.0019503508695652171,28,-1,0.0,0.0,0.0,0.0,0.0,0.26414999,0.5
538.217061,0.9785764745454545,0.002953947142857143,93,1,0.0,0.0,0.0,0.0,0.0,0.18402199,1.0499999949999999
538.217061,0.897028435,0.002953947142857143,93,1,0.0,0.0,0.0,0.0,0.0,0.17461701,0.150000005
538.217061,1.076434122,0.002953947142857143,93,-1,0.0,0.0,0.0,0.0,0.0,0.197347,1.02499999
538.217061,0.897028435,0.0035423360439560438,184,1,0.0,0.0,0.0,0.0,0.0,0.18387499,0.575
546.172515,0.910287525,0.0029952714285714287,92,1,0.0,0.0,0.0,0.0,0.0,0.16045301,0.1500000005
546.172515,0.910287525,0.003642895054945055,183,1,0.0,0.0,0.0,0.0,0.0,0.170194,0.55000001
546.172515,0.6425559,0.003642895054945055,183,-1,0.0,0.0,0.0,0.0,0.0,0.28238201,32.1000005
550.3542279999999,0.9172570466666665,0.00300597,91,1,0.0,0.0,0.0,0.0,0.0,0.168865,0.225
550.3542279999999,0.9172570466666665,0.003722835714285714,182,1,0.0,0.0,0.0,0.0,0.0,0.17162099,0.650000005
553.108039,1.00565098,0.0020103614285714284,31,1,0.0,0.0,0.0,0.0,0.0,0.171425,0.75
553.108039,1.1062160779999999,0.0020103614285714284,31,-1,0.0,0.0,0.0,0.0,0.0,0.249513,0.25
553.108039,1.00565098,0.0037958714285714285,178,1,0.0,0.0,0.0,0.0,0.0,0.184605,2.20000005
550.4562209999999,1.0008294927272725,0.0019801185714285715,30,1,0.0,0.0,0.0,0.0,0.0,0.17412999,0.650000005
550.4562209999999,1.0008294927272725,0.0019801185714285715,30,-1,0.0,0.0,0.0,0.0,0.0,0.16605,1.625
550.4562209999999,1.0008294927272725,0.003766604285714286,177,1,0.0,0.0,0.0,0.0,0.0,0.17276999,2.00000005
560.9615,1.01993,0.001982239285714286,29,1,0.0,0.0,0.0,0.0,0.0,0.169769,1.0499999949999999
560.9615,1.01993,0.001982239285714286,29,-1,0.0,0.0,0.0,0.0,0.0,0.169828,1.0499999949999999
559.431605,1.0171483727272728,0.002094311714285714,32,1,0.0,0.0,0.0,0.0,0.0,0.178128,1.0499999949999999
557.2897519999999,1.0132540945454545,0.002108646,31,1,0.0,0.0,0.0,0.0,0.0,0.179141,0.97499999
566.8770939999999,1.133754188,0.002127859714285714,30,-1,0.0,0.0,0.0,0.0,0.0,0.254287,0.1250000005
566.8770939999999,1.0306856254545453,0.002168405714285714,29,-1,0.0,0.0,0.0,0.0,0.0,0.17191499,0.799999985
570.038877,1.0364343218181817,0.0021294994285714288,28,-1,0.0,0.0,0.0,0.0,0.0,0.160749,0.599999995
560.6555209999999,1.0193736745454545,0.0035211166666666667,32,1,0.0,0.0,0.0,0.0,0.0,0.221912,1.35
560.6555209999999,1.0193736745454545,0.0035211166666666667,32,-1,0.0,0.0,0.0,0.0,0.0,0.193987,1.425
584.725869,1.0631379436363637,0.0036404858333333335,30,-1,0.0,0.0,0.0,0.0,0.0,0.18306001,0.42499999499999996
568.9169539999999,1.0343944618181817,0.0040519625,29,-1,0.0,0.0,0.0,0.0,0.0,0.160936,0.775000005
555.9638429999999,1.0108433509090906,0.00415249875,28,-1,0.0,0.0,0.0,0.0,0.0,0.14988799,1.35
537.197131,1.074394262,0.007012307551020408,185,-1,0.0,0.0,0.0,0.0,0.0,0.210354,2.3000000500000004
546.376501,0.99341182,0.005808347142857143,92,1,0.0,0.0,0.0,0.0,0.0,0.21707501,1.4
546.376501,1.2141700022222222,0.006626477142857143,183,-1,0.0,0.0,0.0,0.0,0.0,0.27738801,1.0999999900000001
532.505453,1.065010906,0.005732585714285714,91,-1,0.0,0.0,0.0,0.0,0.0,0.253039,1.7999999999999998
531.8934949999999,1.0637869899999999,0.004353287142857143,31,-1,0.0,0.0,0.0,0.0,0.0,0.281656,0.900000005
531.8934949999999,0.9670790818181817,0.006682902857142858,178,1,0.0,0.0,0.0,0.0,0.0,0.212036,1.7000000000000002
525.671922,0.9557671309090909,0.0065071714285714274,177,1,0.0,0.0,0.0,0.0,0.0,0.21406201,1.425
526.2841255,1.0525682509999998,0.004329565714285714,29,-1,0.0,0.0,0.0,0.0,0.0,0.27065799,0.97499999
536.5450754999999,0.9755365009090908,0.0043165700000000005,28,1,0.0,0.0,0.0,0.0,0.0,0.20107099,0.27500001
579.7436749999999,1.054079409090909,0.004419762857142857,31,1,0.0,0.0,0.0,0.0,0.0,0.24712101,2.4749999
579.7436749999999,0.9662394583333332,0.004419762857142857,31,1,0.0,0.0,0.0,0.0,0.0,0.224858,0.375
579.7436749999999,1.1594873499999998,0.004419762857142857,31,-1,0.0,0.0,0.0,0.0,0.0,0.33169001,0.25000000499999997
579.7436749999999,1.054079409090909,0.004419762857142857,31,-1,0.0,0.0,0.0,0.0,0.0,0.25045601,0.97499999
588.6707015,0.9811178358333332,0.0044106828571428575,30,1,0.0,0.0,0.0,0.0,0.0,0.20039099,0.35000001000000003
588.0550445,0.9800917408333334,0.0044098662857142866,28,1,0.0,0.0,0.0,0.0,0.0,0.186618,0.29999999499999996
603.6516885,1.0060861475,0.00450172,32,1,0.0,0.0,0.0,0.0,0.0,0.15439101,0.55000001
606.832583,1.0113876383333333,0.0044727,31,1,0.0,0.0,0.0,0.0,0.0,0.14869,0.55000001
606.832583,1.1033319690909091,0.0044727,31,-1,0.0,0.0,0.0,0.0,0.0,0.21179999,0.25000000499999997
604.575174,1.099227589090909,0.0044428375,30,1,0.0,0.0,0.0,0.0,0.0,0.32944801,4.25
604.575174,1.00762529,0.0044428375,30,1,0.0,0.0,0.0,0.0,0.0,0.173595,0.47500001000000003
614.1178575,1.1165779227272727,0.0043512175,29,1,0.0,0.0,0.0,0.0,0.0,0.255831,5.0500002
614.1178575,1.0235297625,0.0043512175,29,1,0.0,0.0,0.0,0.0,0.0,0.136389,0.775000005
613.6048099999999,1.115645109090909,0.00430440875,28,1,0.0,0.0,0.0,0.0,0.0,0.22909699,4.89999985
613.6048099999999,1.0226746833333331,0.00430440875,28,1,0.0,0.0,0.0,0.0,0.0,0.13684601,0.724999995
613.6048099999999,1.115645109090909,0.00430440875,28,-1,0.0,0.0,0.0,0.0,0.0,0.23197301,0.20000000499999998
640.9728379999999,0.9861120584615384,0.005949871428571428,93,1,0.0,0.0,0.0,0.0,0.0,0.142671,0.650000005
639.1164404,1.0651940673333333,0.005936178571428572,92,1,0.0,0.0,0.0,0.0,0.0,0.182329,3.15
639.1164404,0.9832560621538461,0.005936178571428572,92,1,0.0,0.0,0.0,0.0,0.0,0.15163,0.674999985
642.7261024,1.0712101706666666,0.005925625714285714,91,1,0.0,0.0,0.0,0.0,0.0,0.18537299,3.45
642.7261024,0.9888093883076923,0.005925625714285714,91,1,0.0,0.0,0.0,0.0,0.0,0.145768,0.724999995
642.7261024,1.4282802275555555,0.005925625714285714,91,-1,0.0,0.0,0.0,0.0,0.0,0.37215999,0.175
642.7261024,1.2854522047999999,0.005925625714285714,91,-1,0.0,0.0,0.0,0.0,0.0,0.28865901,0.25000000499999997
642.7261024,1.1685929134545454,0.005925625714285714,91,-1,0.0,0.0,0.0,0.0,0.0,0.220431,0.474999995
650.2548259999999,1.0003920399999997,0.004524068571428571,32,1,0.0,0.0,0.0,0.0,0.0,0.151171,0.35000001000000003
650.2548259999999,1.0003920399999997,0.00676985619047619,186,1,0.0,0.0,0.0,0.0,0.0,0.150821,1.625
650.2548259999999,1.4450107244444441,0.00676985619047619,186,-1,0.0,0.0,0.0,0.0,0.0,0.33269501,0.499999985
650.2548259999999,1.3005096519999997,0.00676985619047619,186,-1,0.0,0.0,0.0,0.0,0.0,0.267744,0.67500001
650.2548259999999,1.1822815018181816,0.00676985619047619,186,-1,0.0,0.0,0.0,0.0,0.0,0.20803501,1.00000001
650.2548259999999,1.0837580433333331,0.00676985619047619,186,-1,0.0,0.0,0.0,0.0,0.0,0.16534001,1.92499995
653.0394223999999,1.0046760344615384,0.004532299285714286,31,1,0.0,0.0,0.0,0.0,0.0,0.141049,0.42500000000000004
653.0394223999999,1.0046760344615384,0.006869376666666666,185,1,0.0,0.0,0.0,0.0,0.0,0.15325999,1.875
653.0394223999999,1.1873444043636363,0.006869376666666666,185,-1,0.0,0.0,0.0,0.0,0.0,0.215773,0.975
653.0394223999999,1.0883990373333332,0.006869376666666666,185,-1,0.0,0.0,0.0,0.0,0.0,0.167833,1.75
649.4297604,0.9991227083076922,0.007058784444444445,184,1,0.0,0.0,0.0,0.0,0.0,0.15095299,1.7000000000000002
649.4297604,1.4431772453333334,0.007058784444444445,184,-1,0.0,0.0,0.0,0.0,0.0,0.337816,0.499999985
649.4297604,1.082382934,0.007058784444444445,184,-1,0.0,0.0,0.0,0.0,0.0,0.1723,1.9249999999999998
642.0041699999999,0.987698723076923,0.0070964144444444445,183,1,0.0,0.0,0.0,0.0,0.0,0.155939,1.5
642.0041699999999,1.4266759333333332,0.0070964144444444445,183,-1,0.0,0.0,0.0,0.0,0.0,0.312172,0.39999998999999997
642.0041699999999,1.28400834,0.0070964144444444445,183,-1,0.0,0.0,0.0,0.0,0.0,0.25764701,0.625
642.0041699999999,1.167280309090909,0.0070964144444444445,183,-1,0.0,0.0,0.0,0.0,0.0,0.206567,1.05
641.3853707999999,0.9867467243076922,0.007114107619047619,182,1,0.0,0.0,0.0,0.0,0.0,0.156441,1.475
641.3853707999999,1.4253008239999998,0.007114107619047619,182,-1,0.0,0.0,0.0,0.0,0.0,0.30738899,0.375
640.3540388,0.9851600596923077,0.007151059682539683,179,1,0.0,0.0,0.0,0.0,0.0,0.157581,1.45
640.3540388,1.1642800705454546,0.007151059682539683,179,-1,0.0,0.0,0.0,0.0,0.0,0.208685,1.074999995
640.3540388,1.0672567313333334,0.007151059682539683,179,-1,0.0,0.0,0.0,0.0,0.0,0.17156699,2.1999999499999996
644.9950328,1.433322295111111,0.00714801873015873,178,-1,0.0,0.0,0.0,0.0,0.0,0.32282501,0.42499999499999996
644.9950328,1.2899900656,0.00714801873015873,178,-1,0.0,0.0,0.0,0.0,0.0,0.25987899,0.599999995
644.9950328,1.1727182414545454,0.00714801873015873,178,-1,0.0,0.0,0.0,0.0,0.0,0.207434,0.999999995
641.7979035999999,1.1669052792727272,0.007065335555555555,177,-1,0.0,0.0,0.0,0.0,0.0,0.204587,1.000000005
660.4650128,1.0161000196923076,0.004492426285714286,31,1,0.0,0.0,0.0,0.0,0.0,0.147048,0.67500001
665.1060067999999,1.0232400104615385,0.004491516857142857,30,1,0.0,0.0,0.0,0.0,0.0,0.145376,0.82499999
665.1060067999999,1.0232400104615385,0.004491516857142857,30,-1,0.0,0.0,0.0,0.0,0.0,0.14572001,1.375
661.9088776,1.0183213501538462,0.004524083714285715,29,1,0.0,0.0,0.0,0.0,0.0,0.169802,0.724999995
662.115144,1.018638683076923,0.004511882285714286,28,1,0.0,0.0,0.0,0.0,0.0,0.14503001,0.67500001
678.7195892,1.0441839833846154,0.00454319,32,-1,0.0,0.0,0.0,0.0,0.0,0.172957,1.1
677.585124,1.12930854,0.004515155,31,1,0.0,0.0,0.0,0.0,0.0,0.231392,5.8499999
677.585124,1.0424386523076923,0.004515155,31,-1,0.0,0.0,0.0,0.0,0.0,0.175916,1.15
673.8723288,1.123120548,0.00452167,30,-1,0.0,0.0,0.0,0.0,0.0,0.23807099,0.25
673.8723288,1.0367266596923077,0.00452167,30,-1,0.0,0.0,0.0,0.0,0.0,0.169652,1.25
680.7822532,1.0473573126153846,0.004524240434782609,29,1,0.0,0.0,0.0,0.0,0.0,0.177385,1.7999999999999998
680.7822532,1.0473573126153846,0.004524240434782609,29,-1,0.0,0.0,0.0,0.0,0.0,0.18278199,1.024999995
679.2352552,1.0449773156923077,0.0045059956521739135,28,1,0.0,0.0,0.0,0.0,0.0,0.16897701,1.625
679.2352552,1.0449773156923077,0.0045059956521739135,28,-1,0.0,0.0,0.0,0.0,0.0,0.170123,0.97499999
688.9117325999999,1.059864204,0.004985965714285714,32,1,0.0,0.0,0.0,0.0,0.0,0.210898,2.32500005
688.9117325999999,1.059864204,0.004985965714285714,32,-1,0.0,0.0,0.0,0.0,0.0,0.161511,0.75
688.9117325999999,0.9185489767999999,0.007353905000000001,186,1,0.0,0.0,0.0,0.0,0.0,0.14182299,0.37500000499999997
688.9117325999999,1.2525667865454544,0.007353905000000001,186,-1,0.0,0.0,0.0,0.0,0.0,0.25231001,0.875
688.9117325999999,1.059864204,0.007353905000000001,186,-1,0.0,0.0,0.0,0.0,0.0,0.17124499,2.70000005
687.7714934999999,0.9170286579999999,0.007441089285714286,185,1,0.0,0.0,0.0,0.0,0.0,0.148735,0.42499999499999996
687.7714934999999,1.3755429869999998,0.007441089285714286,185,-1,0.0,0.0,0.0,0.0,0.0,0.29834199,0.55000001
687.7714934999999,1.2504936245454543,0.007441089285714286,185,-1,0.0,0.0,0.0,0.0,0.0,0.25399399,0.900000005
688.6007583,1.059385782,0.006876335714285714,93,1,0.0,0.0,0.0,0.0,0.0,0.164039,2.9499999499999996
688.6007583,1.2520013787272728,0.007676119285714286,184,-1,0.0,0.0,0.0,0.0,0.0,0.25827801,0.925000005
688.6007583,1.1476679305000002,0.007676119285714286,184,-1,0.0,0.0,0.0,0.0,0.0,0.204638,1.4
688.6007583,1.059385782,0.007676119285714286,184,-1,0.0,0.0,0.0,0.0,0.0,0.170305,2.67499995
683.7288275999999,1.2431433229090907,0.007071082142857142,92,-1,0.0,0.0,0.0,0.0,0.0,0.273296,0.375
683.7288275999999,1.051890504,0.007071082142857142,92,-1,0.0,0.0,0.0,0.0,0.0,0.162141,1.775
683.7288275999999,0.9767554679999999,0.007886117500000001,183,1,0.0,0.0,0.0,0.0,0.0,0.149561,1.225
683.7288275999999,0.9116384367999999,0.007886117500000001,183,1,0.0,0.0,0.0,0.0,0.0,0.143924,0.325000005
683.7288275999999,1.3674576552,0.007886117500000001,183,-1,0.0,0.0,0.0,0.0,0.0,0.309421,0.650000005
683.7288275999999,1.2431433229090907,0.007886117500000001,183,-1,0.0,0.0,0.0,0.0,0.0,0.24536,0.849999995
683.7288275999999,1.1395480459999998,0.007886117500000001,183,-1,0.0,0.0,0.0,0.0,0.0,0.207771,1.55
689.1190488,0.984455784,0.007928660714285714,182,1,0.0,0.0,0.0,0.0,0.0,0.15116701,1.325
689.1190488,1.3782380976,0.007928660714285714,182,-1,0.0,0.0,0.0,0.0,0.0,0.276023,0.399999995
689.1190488,1.252943725090909,0.007928660714285714,182,-1,0.0,0.0,0.0,0.0,0.0,0.25441301,0.9
686.6312543999999,0.9809017919999998,0.008146549285714285,179,1,0.0,0.0,0.0,0.0,0.0,0.147471,1.25
686.6312543999999,0.9155083391999999,0.008146549285714285,179,1,0.0,0.0,0.0,0.0,0.0,0.15262701,0.42500001
686.6312543999999,1.2484204625454542,0.008146549285714285,179,-1,0.0,0.0,0.0,0.0,0.0,0.25193101,0.849999995
686.6312543999999,1.1443854239999998,0.008146549285714285,179,-1,0.0,0.0,0.0,0.0,0.0,0.202666,1.375
690.7775784,0.986825112,0.008145204999999999,178,1,0.0,0.0,0.0,0.0,0.0,0.13910501,1.225
690.7775784,1.151295964,0.008145204999999999,178,-1,0.0,0.0,0.0,0.0,0.0,0.20044801,1.25
690.7775784,1.0627347360000001,0.008145204999999999,178,-1,0.0,0.0,0.0,0.0,0.0,0.16522799,2.4499999499999996
689.0153907,1.2527552558181818,0.008070202142857143,177,-1,0.0,0.0,0.0,0.0,0.0,0.26142499,0.89999999
689.0153907,1.1483589845,0.008070202142857143,177,-1,0.0,0.0,0.0,0.0,0.0,0.20754901,1.375
695.0275604999999,1.06927317,0.00514459,31,-1,0.0,0.0,0.0,0.0,0.0,0.150242,0.39999998999999997
695.6495090999999,1.0702300139999998,0.005134664166666667,29,-1,0.0,0.0,0.0,0.0,0.0,0.15323301,0.375
695.0275604999999,1.06927317,0.005182935,28,1,0.0,0.0,0.0,0.0,0.0,0.139513,2.375
695.0275604999999,1.06927317,0.005182935,28,-1,0.0,0.0,0.0,0.0,0.0,0.139616,0.29999999499999996
686.9422287,1.056834198,0.0055577149999999995,32,1,0.0,0.0,0.0,0.0,0.0,0.145144,1.775
692.436108,1.06528632,0.005594475714285714,31,1,0.0,0.0,0.0,0.0,0.0,0.147586,2.15
692.436108,1.06528632,0.005594475714285714,31,-1,0.0,0.0,0.0,0.0,0.0,0.14899699,0.55000001
678.6864946,1.0441330686153845,0.005386266571428572,31,1,0.0,0.0,0.0,0.0,0.0,0.180278,1.4500000000000002
685.562962,0.97937566,0.007964258571428571,93,1,0.0,0.0,0.0,0.0,0.0,0.140126,0.47500000499999995
685.562962,1.1426049366666666,0.007964258571428571,93,-1,0.0,0.0,0.0,0.0,0.0,0.20295399,0.700000015
679.5200057999999,1.0454153935384614,0.005326787142857143,29,-1,0.0,0.0,0.0,0.0,0.0,0.173329,1.15
677.5404166999999,1.0423698718461538,0.008176580714285715,91,1,0.0,0.0,0.0,0.0,0.0,0.164758,2.15
677.5404166999999,0.9679148809999999,0.008176580714285715,91,1,0.0,0.0,0.0,0.0,0.0,0.14081299,0.35000001000000003
677.5404166999999,1.3550808333999997,0.008176580714285715,91,-1,0.0,0.0,0.0,0.0,0.0,0.349989,0.3
676.9152832999999,0.9670218332857142,0.009103704444444445,179,1,0.0,0.0,0.0,0.0,0.0,0.149986,0.849999995
658.6822258,1.0133572704615383,0.009248538253968253,177,1,0.0,0.0,0.0,0.0,0.0,0.155036,1.825
704.4211528999999,1.0837248506153845,0.00559879,32,-1,0.0,0.0,0.0,0.0,0.0,0.20603199,0.625
719.6327322999999,1.0280467604285712,0.005648933478260869,29,1,0.0,0.0,0.0,0.0,0.0,0.153,0.80000001
719.6327322999999,1.1071272804615384,0.005648933478260869,29,-1,0.0,0.0,0.0,0.0,0.0,0.207752,0.300000005
721.2997547,1.030428221,0.005644081739130435,28,1,0.0,0.0,0.0,0.0,0.0,0.150515,0.82499999
715.5693652,1.1008759464615385,0.007618982857142857,32,-1,0.0,0.0,0.0,0.0,0.0,0.18999501,0.375
712.5478870999999,1.1875798118333332,0.007647775714285715,31,1,0.0,0.0,0.0,0.0,0.0,0.36743599,8.6999998
712.5478870999999,1.0962275186153845,0.007647775714285715,31,1,0.0,0.0,0.0,0.0,0.0,0.24085601,3.95000005
712.5478870999999,1.0962275186153845,0.007647775714285715,31,-1,0.0,0.0,0.0,0.0,0.0,0.182969,0.375
711.7143758999999,1.0167348227142856,0.007686285,30,1,0.0,0.0,0.0,0.0,0.0,0.155127,0.500000015
711.7143758999999,1.0949451936923076,0.007686285,30,-1,0.0,0.0,0.0,0.0,0.0,0.173365,0.32500000500000004
712.7562648999999,1.0965480998461536,0.007684754285714286,29,-1,0.0,0.0,0.0,0.0,0.0,0.19464999,0.39999998999999997
713.9023427999999,1.0983112966153845,0.007706128571428571,28,-1,0.0,0.0,0.0,0.0,0.0,0.176065,0.274999995
704.7337196,1.0842057224615385,0.007854113571428572,31,-1,0.0,0.0,0.0,0.0,0.0,0.18072701,0.524999995
704.7337196,1.0067624565714286,0.010841129523809525,185,1,0.0,0.0,0.0,0.0,0.0,0.154314,1.85
704.7337196,1.1745561993333333,0.010841129523809525,185,-1,0.0,0.0,0.0,0.0,0.0,0.21277601,1.2999999999999998
704.7337196,1.0842057224615385,0.010841129523809525,185,-1,0.0,0.0,0.0,0.0,0.0,0.18106399,2.4749999
710.2557313,1.0146510447142856,0.007905274285714286,30,1,0.0,0.0,0.0,0.0,0.0,0.15019,0.400000005
710.2557313,1.092701125076923,0.007905274285714286,30,-1,0.0,0.0,0.0,0.0,0.0,0.190083,0.45000000500000004
710.2557313,1.0146510447142856,0.010959812380952384,184,1,0.0,0.0,0.0,0.0,0.0,0.158125,2.04999995
710.2557313,1.1837595521666666,0.010959812380952384,184,-1,0.0,0.0,0.0,0.0,0.0,0.201534,1.075
710.2557313,1.092701125076923,0.010959812380952384,184,-1,0.0,0.0,0.0,0.0,0.0,0.178885,2.3000000500000004
702.7541305,1.0811602007692307,0.007890467142857143,29,-1,0.0,0.0,0.0,0.0,0.0,0.183616,0.55000001
702.7541305,1.0039344721428571,0.010075796428571428,92,1,0.0,0.0,0.0,0.0,0.0,0.137367,0.775000005
702.7541305,1.0039344721428571,0.011211096984126985,183,1,0.0,0.0,0.0,0.0,0.0,0.153652,1.75
702.7541305,1.1712568841666666,0.011211096984126985,183,-1,0.0,0.0,0.0,0.0,0.0,0.207458,1.25
702.7541305,1.0811602007692307,0.011211096984126985,183,-1,0.0,0.0,0.0,0.0,0.0,0.179564,2.5
708.3803310999999,1.0119719015714284,0.007861556428571427,28,1,0.0,0.0,0.0,0.0,0.0,0.155352,0.324999995
708.3803310999999,1.0119719015714284,0.010091839285714286,91,1,0.0,0.0,0.0,0.0,0.0,0.135612,0.849999995
708.3803310999999,1.1806338851666665,0.011197194920634921,182,-1,0.0,0.0,0.0,0.0,0.0,0.20463599,1.15
708.3803310999999,1.0898158939999998,0.011197194920634921,182,-1,0.0,0.0,0.0,0.0,0.0,0.17182299,2.25
707.4430548,1.0106329354285715,0.011034463015873014,179,1,0.0,0.0,0.0,0.0,0.0,0.15302099,1.875
707.4430548,1.0883739304615385,0.011034463015873014,179,-1,0.0,0.0,0.0,0.0,0.0,0.180659,2.32500005
714.4588459,1.0991674552307693,0.011156633015873017,178,-1,0.0,0.0,0.0,0.0,0.0,0.178385,2.075
718.9615177999999,0.9586153570666666,0.011243776666666667,177,1,0.0,0.0,0.0,0.0,0.0,0.138786,0.64999999
718.9615177999999,1.1982691963333332,0.011243776666666667,177,-1,0.0,0.0,0.0,0.0,0.0,0.20579401,0.92500001
753.3074802,1.076153543142857,0.007930416285714286,31,1,0.0,0.0,0.0,0.0,0.0,0.14227401,2.425
760.5326978999999,1.0140435972,0.007936508,30,1,0.0,0.0,0.0,0.0,0.0,0.120317,0.25000000499999997
767.1296358000001,1.0228395144000002,0.007987248285714286,29,1,0.0,0.0,0.0,0.0,0.0,0.113031,0.32500000500000004
769.8521816,1.0264695754666666,0.007943685142857143,28,1,0.0,0.0,0.0,0.0,0.0,0.113417,0.35000001000000003
776.9726860000001,1.0359635813333334,0.00995431,31,1,0.0,0.0,0.0,0.0,0.0,0.122611,0.625
779.4858052,1.0393144069333333,0.009996979999999999,30,1,0.0,0.0,0.0,0.0,0.0,0.119839,0.67500001
781.2659313,1.1160941875714285,0.009958164285714284,29,1,0.0,0.0,0.0,0.0,0.0,0.20286299,4.79999995
763.951507,1.0186020093333332,0.010103811428571429,31,1,0.0,0.0,0.0,0.0,0.0,0.150489,0.450000015
763.951507,1.0186020093333332,0.012408603968253969,185,1,0.0,0.0,0.0,0.0,0.0,0.14762799,1.975
763.951507,1.2732525116666666,0.012408603968253969,185,-1,0.0,0.0,0.0,0.0,0.0,0.226272,0.650000005
763.951507,1.1753100107692307,0.012408603968253969,185,-1,0.0,0.0,0.0,0.0,0.0,0.19038101,1.149999995
763.951507,1.0913592957142857,0.012408603968253969,185,-1,0.0,0.0,0.0,0.0,0.0,0.162774,2.275
764.2671025000001,1.2737785041666667,0.01245028253968254,184,-1,0.0,0.0,0.0,0.0,0.0,0.223426,0.60000001
764.2671025000001,1.1757955423076925,0.01245028253968254,184,-1,0.0,0.0,0.0,0.0,0.0,0.196731,1.2
770.9998065000001,1.101428295,0.010029931999999998,29,-1,0.0,0.0,0.0,0.0,0.0,0.19114199,0.42500001
770.9998065000001,1.1861535484615386,0.012644536031746033,183,-1,0.0,0.0,0.0,0.0,0.0,0.19212601,1.0499999899999999
756.1668179999999,1.008222424,0.01002975057142857,28,1,0.0,0.0,0.0,0.0,0.0,0.17352299,0.37500000499999997
756.1668179999999,1.0802383114285714,0.011727837857142858,91,-1,0.0,0.0,0.0,0.0,0.0,0.16058201,1.5
756.1668179999999,1.008222424,0.012565465555555558,182,1,0.0,0.0,0.0,0.0,0.0,0.14607801,1.6749999999999998
756.1668179999999,1.163333566153846,0.012565465555555558,182,-1,0.0,0.0,0.0,0.0,0.0,0.187867,1.225
756.1668179999999,1.0802383114285714,0.012565465555555558,182,-1,0.0,0.0,0.0,0.0,0.0,0.162772,2.5
772.367387,1.1882575184615385,0.013005178253968255,177,1,0.0,0.0,0.0,0.0,0.0,0.17369001,9.0
772.367387,1.0298231826666666,0.013005178253968255,177,1,0.0,0.0,0.0,0.0,0.0,0.13983101,2.05
772.367387,1.1882575184615385,0.013005178253968255,177,-1,0.0,0.0,0.0,0.0,0.0,0.187792,0.925000005
772.367387,1.1033819814285715,0.013005178253968255,177,-1,0.0,0.0,0.0,0.0,0.0,0.157259,1.8499999999999999
779.310488,1.1133006971428572,0.010125660000000002,31,-1,0.0,0.0,0.0,0.0,0.0,0.171509,0.22500000999999997
784.8860085,1.046514678,0.01021931125,28,1,0.0,0.0,0.0,0.0,0.0,0.122673,0.849999995
834.9408878999999,1.0436761098749998,0.012458487142857144,32,1,0.0,0.0,0.0,0.0,0.0,0.13959,0.900000005
836.6321215,1.0457901518750001,0.012438363714285715,31,1,0.0,0.0,0.0,0.0,0.0,0.13267501,0.849999995
837.160632,1.04645079,0.012435156285714287,30,1,0.0,0.0,0.0,0.0,0.0,0.130812,0.82499999
837.160632,1.19594376,0.013136204285714286,93,-1,0.0,0.0,0.0,0.0,0.0,0.192307,0.375
841.8115243999999,1.0522644054999999,0.012410507714285712,29,1,0.0,0.0,0.0,0.0,0.0,0.137723,1.1
845.7225021,1.0571531276250001,0.013234842857142857,91,1,0.0,0.0,0.0,0.0,0.0,0.131394,2.075
845.7225021,0.9949676495294119,0.013234842857142857,91,1,0.0,0.0,0.0,0.0,0.0,0.113724,0.32500000500000004
845.7225021,1.0571531276250001,0.01380247380952381,182,1,0.0,0.0,0.0,0.0,0.0,0.134174,3.0500000500000004
848.5764588,0.9983252456470588,0.013853567777777777,179,1,0.0,0.0,0.0,0.0,0.0,0.119697,1.024999995
851.5361176,1.0018071971764706,0.013950837142857143,178,1,0.0,0.0,0.0,0.0,0.0,0.122047,1.075
847.9422462,0.9975791131764706,0.013752984761904763,177,1,0.0,0.0,0.0,0.0,0.0,0.128296,1.149999995
847.9422462,1.211346066,0.013752984761904763,177,-1,0.0,0.0,0.0,0.0,0.0,0.176939,0.650000005
825.6391030999999,1.032048878875,0.012447330000000001,31,1,0.0,0.0,0.0,0.0,0.0,0.110624,0.35000001000000003
817.7114455999999,1.022139307,0.012470002499999999,28,1,0.0,0.0,0.0,0.0,0.0,0.115105,0.20000000499999998
887.1213675,1.0436721970588236,0.014105707142857145,93,1,0.0,0.0,0.0,0.0,0.0,0.13555001,1.7000000000000002
887.1213675,0.9856904083333333,0.015115663333333333,184,1,0.0,0.0,0.0,0.0,0.0,0.125074,0.875
894.9785765000001,1.193304768666667,0.012556415428571428,29,-1,0.0,0.0,0.0,0.0,0.0,0.26525,0.15000000000000002
894.9785765000001,1.1187232206250002,0.012556415428571428,29,-1,0.0,0.0,0.0,0.0,0.0,0.19754601,0.42499999499999996
896.5712540000001,1.0547897105882353,0.012535554857142856,28,1,0.0,0.0,0.0,0.0,0.0,0.150234,1.15
896.5712540000001,0.9961902822222223,0.014120274285714284,91,1,0.0,0.0,0.0,0.0,0.0,0.120543,0.39999998999999997
894.8723980000001,1.0527910564705882,0.015126608571428573,179,1,0.0,0.0,0.0,0.0,0.0,0.14039899,3.0
894.8723980000001,1.1185904975,0.015126608571428573,179,-1,0.0,0.0,0.0,0.0,0.0,0.15860499,1.9249999999999998
896.8897895,0.9965442105555555,0.015225039841269841,177,1,0.0,0.0,0.0,0.0,0.0,0.127028,1.075
887.65226,1.0442967764705882,0.012835685,31,1,0.0,0.0,0.0,0.0,0.0,0.119046,0.625
880.3259435,1.100407429375,0.012964,29,-1,0.0,0.0,0.0,0.0,0.0,0.151354,0.375
874.3799475,1.092974934375,0.012969835217391305,28,1,0.0,0.0,0.0,0.0,0.0,0.15441,2.92499995
874.3799475,1.0286822911764706,0.012969835217391305,28,1,0.0,0.0,0.0,0.0,0.0,0.112759,0.22500000999999997
875.9726250000001,1.0305560294117648,0.015242529714285713,32,1,0.0,0.0,0.0,0.0,0.0,0.142278,0.45000000500000004
876.184982,0.9735388688888889,0.01531901057142857,31,1,0.0,0.0,0.0,0.0,0.0,0.188196,0.1
876.184982,1.0952312275,0.01531901057142857,31,-1,0.0,0.0,0.0,0.0,0.0,0.137991,0.47500001000000003
871.9378420000002,1.0899223025000002,0.015505023142857143,30,-1,0.0,0.0,0.0,0.0,0.0,0.133323,0.525000005
856.9666735,1.071208341875,0.015645552285714286,29,1,0.0,0.0,0.0,0.0,0.0,0.16249,1.775
856.9666735,1.0081960864705881,0.015645552285714286,29,1,0.0,0.0,0.0,0.0,0.0,0.147494,0.1500000005
856.9666735,1.071208341875,0.015645552285714286,29,-1,0.0,0.0,0.0,0.0,0.0,0.121962,0.900000005
856.7543165000001,1.070942895625,0.015724594285714287,28,-1,0.0,0.0,0.0,0.0,0.0,0.125844,0.92500001
862.8064910000002,1.07850811375,0.01576729,31,1,0.0,0.0,0.0,0.0,0.0,0.181724,2.25
862.8064910000002,1.0150664600000001,0.01576729,31,1,0.0,0.0,0.0,0.0,0.0,0.169228,0.35000001000000003
862.8064910000002,1.327394601538462,0.0187905273015873,185,-1,0.0,0.0,0.0,0.0,0.0,0.232613,0.525000005
862.8064910000002,1.150408654666667,0.0187905273015873,185,-1,0.0,0.0,0.0,0.0,0.0,0.17620599,1.65
862.8064910000002,1.07850811375,0.0187905273015873,185,-1,0.0,0.0,0.0,0.0,0.0,0.16032401,3.25
865.6733105000001,1.082091638125,0.01574275375,30,1,0.0,0.0,0.0,0.0,0.0,0.18202101,2.375
865.6733105000001,1.0184391888235296,0.017547395714285714,93,-1,0.0,0.0,0.0,0.0,0.0,0.14224499,4.79999995
865.6733105000001,1.082091638125,0.01885292666666667,184,-1,0.0,0.0,0.0,0.0,0.0,0.16736799,3.25
865.9918460000001,1.0188139364705884,0.015737652499999998,29,1,0.0,0.0,0.0,0.0,0.0,0.16962001,0.375
865.9918460000001,1.0824898075000002,0.017513350714285714,92,1,0.0,0.0,0.0,0.0,0.0,0.16316999,3.29999995
865.9918460000001,1.0188139364705884,0.017513350714285714,92,1,0.0,0.0,0.0,0.0,0.0,0.147762,1.024999995
871.513128,1.0893914100000002,0.01569953625,28,1,0.0,0.0,0.0,0.0,0.0,0.17208,2.65
871.513128,1.0893914100000002,0.017522765,91,1,0.0,0.0,0.0,0.0,0.0,0.16301601,3.5500000500000004
871.513128,1.0253095623529411,0.017522765,91,1,0.0,0.0,0.0,0.0,0.0,0.14474601,1.1
871.513128,0.96834792,0.017522765,91,1,0.0,0.0,0.0,0.0,0.0,0.13976499,0.22500000999999997
871.513128,1.162017504,0.018872174285714284,182,-1,0.0,0.0,0.0,0.0,0.0,0.186364,1.55
871.513128,1.0893914100000002,0.018872174285714284,182,-1,0.0,0.0,0.0,0.0,0.0,0.16982999,3.0
878.2023735,1.0977529668750001,0.018847555555555555,179,1,0.0,0.0,0.0,0.0,0.0,0.16406,5.04999995
878.2023735,1.0331792629411765,0.018847555555555555,179,1,0.0,0.0,0.0,0.0,0.0,0.153836,2.45000005
880.856836,1.101071045,0.018773846666666663,178,1,0.0,0.0,0.0,0.0,0.0,0.16832,5.3499999
880.856836,0.9787298177777778,0.018773846666666663,178,1,0.0,0.0,0.0,0.0,0.0,0.14781,1.05
880.856836,1.2583669085714286,0.018773846666666663,178,-1,0.0,0.0,0.0,0.0,0.0,0.214939,0.75
880.856836,1.1744757813333333,0.018773846666666663,178,-1,0.0,0.0,0.0,0.0,0.0,0.188447,1.35
880.856836,1.101071045,0.018773846666666663,178,-1,0.0,0.0,0.0,0.0,0.0,0.169365,2.6000000500000002
885.7410470000001,1.0420482905882353,0.01890630761904762,177,1,0.0,0.0,0.0,0.0,0.0,0.15599801,2.82500005
885.7410470000001,1.180988062666667,0.01890630761904762,177,-1,0.0,0.0,0.0,0.0,0.0,0.19009399,1.275
885.7410470000001,1.1071763087500002,0.01890630761904762,177,-1,0.0,0.0,0.0,0.0,0.0,0.16934399,2.4250000500000004
864.324016,1.08040502,0.017472033214285712,32,1,0.0,0.0,0.0,0.0,0.0,0.195869,2.5
864.324016,1.0168517835294117,0.017472033214285712,32,-1,0.0,0.0,0.0,0.0,0.0,0.167237,4.25
866.8837120000001,1.0836046400000001,0.017475841785714284,31,1,0.0,0.0,0.0,0.0,0.0,0.20499299,2.6999999499999996
882.6685040000001,1.0384335341176472,0.01614806,28,1,0.0,0.0,0.0,0.0,0.0,0.153246,0.599999995
900.373068,1.0592624329411764,0.01873047142857143,32,1,0.0,0.0,0.0,0.0,0.0,0.158969,1.275
900.373068,1.0592624329411764,0.01873047142857143,32,-1,0.0,0.0,0.0,0.0,0.0,0.16146,1.9749999999999999
905.8124220000001,1.1322655275000002,0.01881833,31,1,0.0,0.0,0.0,0.0,0.0,0.209086,5.25
905.8124220000001,1.0656616729411765,0.01881833,31,1,0.0,0.0,0.0,0.0,0.0,0.14590999,1.325
905.8124220000001,1.1322655275000002,0.01881833,31,-1,0.0,0.0,0.0,0.0,0.0,0.19421799,0.375
905.8124220000001,1.0656616729411765,0.01881833,31,-1,0.0,0.0,0.0,0.0,0.0,0.15146901,1.625
901.119646,1.06014076,0.018860772142857144,30,1,0.0,0.0,0.0,0.0,0.0,0.149745,1.15
901.119646,1.06014076,0.018860772142857144,30,-1,0.0,0.0,0.0,0.0,0.0,0.140117,1.775
879.1489220000001,1.0989361525,0.018903335,29,1,0.0,0.0,0.0,0.0,0.0,0.189384,3.15
879.1489220000001,1.034292849411765,0.018903335,29,-1,0.0,0.0,0.0,0.0,0.0,0.155357,3.29999995
858.9913160000001,1.0737391450000002,0.018870388571428573,28,-1,0.0,0.0,0.0,0.0,0.0,0.195713,1.6
900.3822903,1.0592732827058824,0.019279696285714285,31,-1,0.0,0.0,0.0,0.0,0.0,0.156424,2.00000005
899.0964890999999,1.0577605754117645,0.019235883999999998,30,1,0.0,0.0,0.0,0.0,0.0,0.16660599,1.175
899.0964890999999,1.0577605754117645,0.019235883999999998,30,-1,0.0,0.0,0.0,0.0,0.0,0.156554,2.05
899.0964890999999,0.9989960989999999,0.022503452857142857,93,1,0.0,0.0,0.0,0.0,0.0,0.13810501,0.525000005
893.0960834999998,1.0507012747058821,0.019183867142857143,29,1,0.0,0.0,0.0,0.0,0.0,0.163698,0.9
893.0960834999998,1.1163701043749998,0.019183867142857143,29,-1,0.0,0.0,0.0,0.0,0.0,0.19590101,0.57499999
893.0960834999998,1.0507012747058821,0.019183867142857143,29,-1,0.0,0.0,0.0,0.0,0.0,0.16381501,2.4499999499999996
893.0960834999998,0.9923289816666665,0.02254991,92,1,0.0,0.0,0.0,0.0,0.0,0.147295,0.524999995
893.0960834999998,1.0507012747058821,0.02254991,92,-1,0.0,0.0,0.0,0.0,0.0,0.150526,3.3999999499999998
888.274329,1.045028622352941,0.019106630285714285,28,1,0.0,0.0,0.0,0.0,0.0,0.16973899,0.75
888.274329,1.045028622352941,0.02367574968253968,182,1,0.0,0.0,0.0,0.0,0.0,0.159219,2.875
894.4890348,0.9938767053333334,0.023693402222222222,179,1,0.0,0.0,0.0,0.0,0.0,0.138896,1.15
865.0227573,1.081278446625,0.01964071,31,1,0.0,0.0,0.0,0.0,0.0,0.147338,1.85
865.3442076,1.0180520089411764,0.021145610000000002,29,1,0.0,0.0,0.0,0.0,0.0,0.132165,0.10000000549999999
874.3448159999999,1.02864096,0.021160297857142858,28,1,0.0,0.0,0.0,0.0,0.0,0.126967,0.15000000000000002
935.9935653000001,1.0399928503333336,0.021076209999999998,31,1,0.0,0.0,0.0,0.0,0.0,0.14310101,0.45000000500000004
935.9935653000001,1.0399928503333336,0.024870078095238096,185,1,0.0,0.0,0.0,0.0,0.0,0.152109,2.67499995
944.6073333,1.1113027450588235,0.021068817142857143,30,1,0.0,0.0,0.0,0.0,0.0,0.168355,3.4499999499999996
944.6073333,1.0495637036666667,0.021068817142857143,30,1,0.0,0.0,0.0,0.0,0.0,0.146338,0.650000005
944.6073333,1.0495637036666667,0.023487529142857143,93,1,0.0,0.0,0.0,0.0,0.0,0.13929699,1.625
944.6073333,1.0495637036666667,0.023487529142857143,93,-1,0.0,0.0,0.0,0.0,0.0,0.139331,3.75
938.1470073,1.0423855636666668,0.020975061714285714,29,1,0.0,0.0,0.0,0.0,0.0,0.14627101,0.47500001000000003
938.1470073,1.103702361529412,0.02344991228571429,92,-1,0.0,0.0,0.0,0.0,0.0,0.15152299,1.65
938.1470073,1.0423855636666668,0.02484321904761905,183,1,0.0,0.0,0.0,0.0,0.0,0.15489399,2.8000000500000004
941.9155308,1.1773944135,0.020825380571428572,28,1,0.0,0.0,0.0,0.0,0.0,0.23265199,7.79999995
941.9155308,1.1081359185882353,0.020825380571428572,28,-1,0.0,0.0,0.0,0.0,0.0,0.16824,0.625
941.9155308,1.1081359185882353,0.02333624114285714,91,1,0.0,0.0,0.0,0.0,0.0,0.151043,4.25
941.9155308,1.046572812,0.02333624114285714,91,1,0.0,0.0,0.0,0.0,0.0,0.137068,1.475
941.9155308,1.1081359185882353,0.02333624114285714,91,-1,0.0,0.0,0.0,0.0,0.0,0.150353,1.5
941.9155308,1.046572812,0.02474938301587301,182,1,0.0,0.0,0.0,0.0,0.0,0.163817,2.9749999
941.4848424,1.1076292263529413,0.02476359873015873,179,1,0.0,0.0,0.0,0.0,0.0,0.172773,5.75
941.4848424,1.0460942693333335,0.02476359873015873,179,1,0.0,0.0,0.0,0.0,0.0,0.15697099,2.92499995
941.4848424,1.1076292263529413,0.02476359873015873,179,-1,0.0,0.0,0.0,0.0,0.0,0.15868799,2.625
937.7163189,1.041907021,0.02468330396825397,178,1,0.0,0.0,0.0,0.0,0.0,0.154641,2.6999999499999996
937.7163189,1.041907021,0.02468330396825397,178,-1,0.0,0.0,0.0,0.0,0.0,0.14385501,5.04999995
897.3392814000001,1.0556932722352943,0.020993965,32,1,0.0,0.0,0.0,0.0,0.0,0.12138,0.599999995
906.1683936,1.0660804630588234,0.020938339999999996,31,-1,0.0,0.0,0.0,0.0,0.0,0.115077,1.525
932.7634022999999,1.0973687085882353,0.022044000857142854,32,-1,0.0,0.0,0.0,0.0,0.0,0.127616,0.724999995
895.4011836,1.0534131571764707,0.021931107999999998,31,1,0.0,0.0,0.0,0.0,0.0,0.128318,0.5
895.4011836,1.0534131571764707,0.021931107999999998,31,-1,0.0,0.0,0.0,0.0,0.0,0.112734,2.4749999
918.443013,1.0805211917647057,0.02201297485714286,30,1,0.0,0.0,0.0,0.0,0.0,0.12988,1.375
918.443013,1.1480537662499999,0.02201297485714286,30,-1,0.0,0.0,0.0,0.0,0.0,0.175137,0.224999995
918.443013,1.0805211917647057,0.02201297485714286,30,-1,0.0,0.0,0.0,0.0,0.0,0.122044,1.175
915.9665547,1.0776077114117646,0.02227178285714286,29,1,0.0,0.0,0.0,0.0,0.0,0.121663,1.15
915.9665547,1.0776077114117646,0.02227178285714286,29,-1,0.0,0.0,0.0,0.0,0.0,0.119538,1.25
925.3340274,1.0281489193333333,0.02230485542857143,28,1,0.0,0.0,0.0,0.0,0.0,0.122627,0.1
925.3340274,1.0886282675294117,0.02230485542857143,28,-1,0.0,0.0,0.0,0.0,0.0,0.121908,0.849999995
869.3585722,1.08669821525,0.02316592,31,1,0.0,0.0,0.0,0.0,0.0,0.19311,1.97499995
869.3585722,0.8693585722,0.02684858952380952,184,1,0.0,0.0,0.0,0.0,0.0,0.150171,0.075000005
875.6355294,1.030159446352941,0.025456564285714287,93,1,0.0,0.0,0.0,0.0,0.0,0.159568,1.0999999950000001
875.6355294,1.09454441175,0.025456564285714287,93,-1,0.0,0.0,0.0,0.0,0.0,0.15502501,2.175
866.328317,1.08291039625,0.023035394166666667,29,1,0.0,0.0,0.0,0.0,0.0,0.19745,1.85
866.328317,1.0192097847058823,0.02581299771428571,92,1,0.0,0.0,0.0,0.0,0.0,0.166077,1.0250000049999999
870.7654764,1.0884568455,0.02302856625,28,1,0.0,0.0,0.0,0.0,0.0,0.19281299,2.02500005
870.7654764,1.0884568455,0.025892105428571427,91,-1,0.0,0.0,0.0,0.0,0.0,0.15295701,2.17499995
869.4667956000001,1.0229021124705884,0.027356761111111114,178,1,0.0,0.0,0.0,0.0,0.0,0.165842,2.075
961.4566856000001,1.0682852062222223,0.02344966642857143,32,1,0.0,0.0,0.0,0.0,0.0,0.17288999,1.375
933.967942,1.0377421577777777,0.023468160000000002,31,1,0.0,0.0,0.0,0.0,0.0,0.18736701,0.650000005
918.3837724,1.0804514969411765,0.023519733571428572,28,-1,0.0,0.0,0.0,0.0,0.0,0.191615,1.7999999999999998
881.5878164,1.0371621369411763,0.025042516571428575,32,1,0.0,0.0,0.0,0.0,0.0,0.240372,0.77499998
876.3930932000001,1.031050697882353,0.02502741742857143,31,1,0.0,0.0,0.0,0.0,0.0,0.21266501,0.599999995
876.3930932000001,1.0954913665000001,0.02502741742857143,31,-1,0.0,0.0,0.0,0.0,0.0,0.19696601,1.5
858.211562,1.0727644525,0.025301972571428574,29,1,0.0,0.0,0.0,0.0,0.0,0.23075899,1.675
858.211562,1.0096606611764705,0.025301972571428574,29,1,0.0,0.0,0.0,0.0,0.0,0.21305899,0.274999995
858.211562,1.0727644525,0.025301972571428574,29,-1,0.0,0.0,0.0,0.0,0.0,0.215486,2.4499999499999996
838.6231266,1.04827890825,0.025298806857142857,28,1,0.0,0.0,0.0,0.0,0.0,0.26139399,1.175
838.6231266,0.9866154430588235,0.025298806857142857,28,1,0.0,0.0,0.0,0.0,0.0,0.238052,0.175
838.6231266,1.04827890825,0.025298806857142857,28,-1,0.0,0.0,0.0,0.0,0.0,0.15772501,3.20000005
891.5443692,1.1144304615,0.025269593333333337,29,1,0.0,0.0,0.0,0.0,0.0,0.200289,3.0500000500000004
891.5443692,1.0488757284705883,0.02664173714285714,91,1,0.0,0.0,0.0,0.0,0.0,0.174017,1.65
891.5443692,1.1144304615,0.02664173714285714,91,-1,0.0,0.0,0.0,0.0,0.0,0.18294001,2.02500005
891.5443692,1.0488757284705883,0.027002376349206346,183,1,0.0,0.0,0.0,0.0,0.0,0.16502599,2.57500005
891.5443692,0.9906048546666667,0.027002376349206346,183,1,0.0,0.0,0.0,0.0,0.0,0.14791501,0.92499999
909.7259004000001,1.0702657651764707,0.0266554,90,1,0.0,0.0,0.0,0.0,0.0,0.160542,2.0250000000000004
909.7259004000001,1.0108065560000001,0.0266554,90,1,0.0,0.0,0.0,0.0,0.0,0.15061399,0.549999985
900.0940178000001,1.0001044642222223,0.02706077904761905,178,1,0.0,0.0,0.0,0.0,0.0,0.14959399,1.15
901.6091454000001,1.0017879393333335,0.027094696666666668,177,1,0.0,0.0,0.0,0.0,0.0,0.150012,1.125
988.8007969999999,1.1632950552941175,0.02615897,31,1,0.0,0.0,0.0,0.0,0.0,0.21136101,6.4499998
992.3901079999999,1.167517774117647,0.025278872857142858,30,1,0.0,0.0,0.0,0.0,0.0,0.24304099,6.70000005
992.3901079999999,1.1026556755555554,0.025278872857142858,30,1,0.0,0.0,0.0,0.0,0.0,0.169935,2.425
980.5345050000001,1.153570005882353,0.025169501666666667,29,1,0.0,0.0,0.0,0.0,0.0,0.23774301,5.89999985
991.5199719999999,1.1664940847058822,0.025124050000000002,28,1,0.0,0.0,0.0,0.0,0.0,0.191477,6.25
991.5199719999999,1.0437052336842105,0.025124050000000002,28,1,0.0,0.0,0.0,0.0,0.0,0.137999,0.22500000999999997
1011.315566,1.1897830188235294,0.02518983107142857,31,-1,0.0,0.0,0.0,0.0,0.0,0.204661,0.175
1011.315566,1.123683962222222,0.02518983107142857,31,-1,0.0,0.0,0.0,0.0,0.0,0.158269,0.67500001
1008.1613229999999,1.0612224452631578,0.025149631785714287,30,1,0.0,0.0,0.0,0.0,0.0,0.137986,0.525000005
1012.403236,1.0656876168421052,0.025069638571428573,28,1,0.0,0.0,0.0,0.0,0.0,0.14522099,0.650000005
1012.403236,1.1248924844444443,0.025069638571428573,28,-1,0.0,0.0,0.0,0.0,0.0,0.157686,0.599999995
1036.601952,0.9872399542857143,0.025817051587301586,186,1,0.0,0.0,0.0,0.0,0.0,0.148624,1.05
1043.703462,1.0986352231578946,0.025123022857142855,31,1,0.0,0.0,0.0,0.0,0.0,0.16633099,2.2250000500000002
1023.928488,1.0778194610526315,0.025075171714285718,29,1,0.0,0.0,0.0,0.0,0.0,0.1837,1.45
1023.928488,1.0778194610526315,0.025075171714285718,29,-1,0.0,0.0,0.0,0.0,0.0,0.180335,2.5250001
1047.74586,1.1028903789473685,0.024686470714285712,32,1,0.0,0.0,0.0,0.0,0.0,0.174944,2.42499995
1061.40261,1.06140261,0.024617229285714286,31,1,0.0,0.0,0.0,0.0,0.0,0.135474,0.57499999
1061.40261,1.117265905263158,0.024617229285714286,31,1,0.0,0.0,0.0,0.0,0.0,0.16002899,3.20000005
1062.932166,1.062932166,0.024666475,30,1,0.0,0.0,0.0,0.0,0.0,0.13936301,0.625
1062.932166,1.1188759642105264,0.024666475,30,1,0.0,0.0,0.0,0.0,0.0,0.17883401,3.4499999499999996
1050.9142259999999,1.050914226,0.024588447142857142,29,1,0.0,0.0,0.0,0.0,0.0,0.141762,0.375
1050.9142259999999,1.1062255010526314,0.024588447142857142,29,1,0.0,0.0,0.0,0.0,0.0,0.16617499,2.5500000500000004
1050.9142259999999,1.1062255010526314,0.024588447142857142,29,-1,0.0,0.0,0.0,0.0,0.0,0.167043,1.2000000000000002
1042.064652,1.042064652,0.024569855,28,1,0.0,0.0,0.0,0.0,0.0,0.13998701,0.22500000999999997
1060.419324,1.060419324,0.024183721714285712,32,1,0.0,0.0,0.0,0.0,0.0,0.14509,0.57499999
1060.419324,1.116230867368421,0.024183721714285712,32,1,0.0,0.0,0.0,0.0,0.0,0.170435,3.125
1064.8987379999999,1.064898738,0.024254533428571427,29,1,0.0,0.0,0.0,0.0,0.0,0.13867199,0.549999985
1064.8987379999999,1.2528220447058822,0.024254533428571427,29,1,0.0,0.0,0.0,0.0,0.0,0.35512301,12.85
1064.8987379999999,1.1209460399999998,0.024254533428571427,29,-1,0.0,0.0,0.0,0.0,0.0,0.157216,0.82499999
1059.9823079999999,1.1157708505263157,0.024234474571428567,28,1,0.0,0.0,0.0,0.0,0.0,0.180162,3.0500000500000004
1130.5703256,1.0767336434285715,0.023436736666666666,32,1,0.0,0.0,0.0,0.0,0.0,0.14685801,1.024999995
1125.8513852,1.0722394144761906,0.02330023,31,1,0.0,0.0,0.0,0.0,0.0,0.148478,0.900000005
1110.1581648,1.0572934902857143,0.023306180833333336,30,1,0.0,0.0,0.0,0.0,0.0,0.17861301,0.67500001
1110.1581648,1.1101581647999998,0.023306180833333336,30,-1,0.0,0.0,0.0,0.0,0.0,0.16271301,1.425
1110.1581648,1.1685875418947367,0.023306180833333336,30,-1,0.0,0.0,0.0,0.0,0.0,0.212984,0.499999985
1110.1581648,1.0092346952727271,0.022198145142857145,93,1,0.0,0.0,0.0,0.0,0.0,0.143013,0.500000015
1114.5478768,1.1145478768000001,0.023098538333333335,29,1,0.0,0.0,0.0,0.0,0.0,0.22757401,3.0500000500000004
1114.5478768,1.1145478768000001,0.023098538333333335,29,-1,0.0,0.0,0.0,0.0,0.0,0.151978,1.375
1114.5478768,1.0614741683809523,0.020902665079365078,183,1,0.0,0.0,0.0,0.0,0.0,0.15336899,3.125
1104.0125679999999,1.104012568,0.02304234625,28,1,0.0,0.0,0.0,0.0,0.0,0.184091,2.4499999499999996
1104.0125679999999,1.0514405409523808,0.02304234625,28,1,0.0,0.0,0.0,0.0,0.0,0.165277,0.47500001000000003
1104.0125679999999,1.104012568,0.02304234625,28,-1,0.0,0.0,0.0,0.0,0.0,0.17654,1.6
1104.0125679999999,1.0514405409523808,0.021330410952380953,182,1,0.0,0.0,0.0,0.0,0.0,0.157741,2.8000000500000004
1082.1737508,1.0821737508,0.021893177857142856,32,1,0.0,0.0,0.0,0.0,0.0,0.167807,1.425
1082.1737508,1.0306416674285714,0.021893177857142856,32,1,0.0,0.0,0.0,0.0,0.0,0.159739,0.22500000999999997
1073.284584,1.073284584,0.021872089285714286,30,1,0.0,0.0,0.0,0.0,0.0,0.16522899,0.97499999
1113.4504488,1.1134504488,0.020832510857142855,31,-1,0.0,0.0,0.0,0.0,0.0,0.167228,1.425
1115.2063336,1.1152063336000002,0.020677971714285714,30,1,0.0,0.0,0.0,0.0,0.0,0.160703,2.75
1115.2063336,1.0621012700952381,0.020677971714285714,30,1,0.0,0.0,0.0,0.0,0.0,0.145928,0.5
1122.0103872,1.181063565473684,0.02061820085714286,29,1,0.0,0.0,0.0,0.0,0.0,0.235837,7.70000005
1107.304852,1.107304852,0.020493254000000002,28,1,0.0,0.0,0.0,0.0,0.0,0.18187501,2.45000005
1107.304852,1.0545760495238095,0.020493254000000002,28,1,0.0,0.0,0.0,0.0,0.0,0.14613201,0.32500000500000004
1070.8616304000002,1.0708616304000003,0.019179198333333335,32,1,0.0,0.0,0.0,0.0,0.0,0.202843,1.15
1077.0362856000002,1.133722405894737,0.01913812,31,1,0.0,0.0,0.0,0.0,0.0,0.216607,4.0999999
1077.0362856000002,1.0257488434285715,0.018525854126984126,185,1,0.0,0.0,0.0,0.0,0.0,0.16999801,2.15
1082.769894,1.0827698940000001,0.018275633333333333,184,1,0.0,0.0,0.0,0.0,0.0,0.18395901,4.3499999
1085.5264365,1.0855264365000001,0.0187116175,29,1,0.0,0.0,0.0,0.0,0.0,0.18791001,1.4500000000000002
1085.5264365,1.0338347014285714,0.018330709523809524,183,1,0.0,0.0,0.0,0.0,0.0,0.171718,2.375
1092.1421385,1.0921421385,0.018741091249999998,28,1,0.0,0.0,0.0,0.0,0.0,0.190586,1.65
1092.1421385,1.1496233036842107,0.018741091249999998,28,-1,0.0,0.0,0.0,0.0,0.0,0.221048,0.875
1092.1421385,1.04013537,0.018927122,91,1,0.0,0.0,0.0,0.0,0.0,0.173191,1.375
1099.7501958,1.1576317850526316,0.018086328412698412,179,1,0.0,0.0,0.0,0.0,0.0,0.201956,8.3000002
1171.4203008,1.1156383817142856,0.017519517857142855,32,1,0.0,0.0,0.0,0.0,0.0,0.143242,2.4749999
1181.7849006000001,1.0743499096363638,0.017442666428571427,31,1,0.0,0.0,0.0,0.0,0.0,0.133167,0.67500001
1181.7849006000001,1.1817849006,0.017442666428571427,31,-1,0.0,0.0,0.0,0.0,0.0,0.190309,0.274999995
1181.7849006000001,1.243984105894737,0.017442666428571427,31,-1,0.0,0.0,0.0,0.0,0.0,0.243682,0.1250000005
1231.0718805000001,1.119156255,0.017632764285714288,32,1,0.0,0.0,0.0,0.0,0.0,0.14474,2.8000000500000004
1231.0718805000001,1.119156255,0.017632764285714288,32,-1,0.0,0.0,0.0,0.0,0.0,0.123378,1.024999995
1235.4823485,1.1231657713636363,0.01774145914285714,31,1,0.0,0.0,0.0,0.0,0.0,0.148311,3.075
1235.4823485,1.1231657713636363,0.01774145914285714,31,-1,0.0,0.0,0.0,0.0,0.0,0.119911,0.82499999
1229.7487401,1.1179534000909093,0.017683376,30,1,0.0,0.0,0.0,0.0,0.0,0.155127,2.7750001
1229.7487401,1.0693467305217392,0.017683376,30,1,0.0,0.0,0.0,0.0,0.0,0.130463,0.45000000500000004
1237.2465357,1.0758665527826088,0.017771619714285713,29,1,0.0,0.0,0.0,0.0,0.0,0.132443,0.599999995
1237.2465357,1.124769577909091,0.017771619714285713,29,-1,0.0,0.0,0.0,0.0,0.0,0.125963,0.799999985
1238.4594144,1.0769212299130435,0.01764557085714286,28,1,0.0,0.0,0.0,0.0,0.0,0.13473199,0.625
1238.4594144,1.1258721949090909,0.01764557085714286,28,-1,0.0,0.0,0.0,0.0,0.0,0.12881599,0.775000005
